0b00f501 0b00d801 10000 100 6987 2000047415 82888 83143
0b010301 0b006b01 10000 100 24019 2000021337 128782 129030
0b004301 0b004d01 10000 100 27004 2000103440 49437 49711
0b00e901 0b010c01 10000 100 8463 2000037659 123816 123806
0b00a301 0b006f01 10000 100 74276 2000028989 145614 145880
0b008b01 0b004801 10000 100 40265 2000043917 134221 134474
0b012801 0b001b01 10000 100 5622 2000073304 122610 122851
0b000f01 0b00ae01 10000 100 45660 2000062080 136022 136277
0b00ba01 0b00e201 10000 100 7972 2000073787 126051 123633
0b010801 0b004b01 10000 100 27054 2000071598 129798 130047
0b007c01 0b013801 10000 100 16085 2000094579 126123 126368
0b00d201 0b007d01 10000 100 124494 2000062332 162434 162718
0b00b101 0b005601 10000 100 5673 2000103097 122626 122867
0b001201 0b00e201 10000 100 155741 2000067401 175569 173193
0b00c201 0b013101 10000 100 229289 2000055294 197614 197865
0b002101 0b013d01 10000 100 6047 2000139153 122761 123002
0b008301 0b001a01 10000 100 9712 2000160248 123979 124221
0b013601 0b009b01 10000 100 26270 2000163699 138215 129781
0b004901 0b00f101 10000 100 38702 2000171771 133690 133943
0b001801 0b013e01 10000 100 44638 2000184755 135680 135935
0b004301 0b004e01 10000 100 20169 2000275483 47142 47416
0b00b701 0b009601 10000 100 6957 2000241386 82878 83133
0b00bc01 0b006201 10000 100 93041 2000178807 152053 152176
0b004801 0b000001 10000 100 180894 2000174095 181322 181626
0b002001 0b007e01 10000 100 135592 2000195211 166150 166438
0b013701 0b013901 10000 100 5244 2000323868 42387 42410
0b013f01 0b002401 10000 100 108300 2000189981 193179 157290
0b006c01 0b008201 10000 100 29665 2000267276 130664 130913
0b013b01 0b005301 10000 100 24177 2000271806 128832 129080
0b012e01 0b009b01 10000 100 47982 2000239305 162045 137051
0b001801 0b011401 10000 100 78926 2000254845 147208 147429
0b002501 0b005f01 10000 100 161144 2000240089 174899 175014
0b00ff01 0b007401 10000 100 19505 2000308158 127262 127508
0b00df01 0b003b01 10000 100 50163 2000298770 137538 137795
0b00b901 0b002901 10000 100 36388 2000303562 133616 133172
0b00f901 0b012a01 10000 100 636684 2000111613 334015 334483
0b012701 0b00de01 10000 100 6021 2000331375 122807 122994
0b00fe01 0b00bd01 10000 100 4352 2000349180 122188 122429
0b00f101 0b000901 10000 100 104030 2000321334 155585 155862
0b00aa01 0b001601 10000 100 24797 2000360911 129400 129279
0b00d601 0b006001 10000 100 25768 2000366910 129357 129605
0b008101 0b00db01 10000 100 110948 2000323122 197330 158168
0b011801 0b008101 10000 100 660981 2000182396 342701 342626
0b00ea01 0b010701 10000 100 47440 2000389293 136683 136878
0b006a01 0b010801 10000 100 48684 2000390276 137035 137291
0b003f01 0b010d01 10000 100 142366 2000385513 168426 168713
0b009301 0b00bb01 10000 100 62448 2000456301 101475 101751
0b00fa01 0b007301 10000 100 79379 2000412154 147322 147590
0b000401 0b002b01 10000 100 908909 2000183987 385035 385613
0b00f601 0b005c01 10000 100 62131 2000427777 141571 141809
0b003e01 0b004601 10000 100 43260 2000446832 135296 135479
0b002401 0b00d601 10000 100 66205 2000442735 142982 143174
0b013e01 0b009a01 10000 100 8817 2000487308 123711 123919
0b007a01 0b00c101 10000 100 148754 2000442542 170583 170849
0b013f01 0b013001 10000 100 62442 2000539199 82175 61589
0b013401 0b00ca01 10000 100 6082 2000506602 122928 123013
0b008301 0b004201 10000 100 50692 2000503307 137778 137964
0b00ba01 0b00e901 10000 100 65334 2000502872 164379 142880
0b008401 0b002a01 10000 100 87270 2000519433 150001 150238
0b000b01 0b002901 10000 100 7786 2000579475 90303 83414
0b002901 0b00e101 10000 100 1556382 2000018660 651835 642917
0b013101 0b00be01 10000 100 37860 2000539496 133406 133658
0b002201 0b008b01 10000 100 13478 2000548251 125852 125488
0b00d301 0b005801 10000 100 48980 2000540641 137152 137386
0b012c01 0b00bb01 10000 100 41786 2000555218 134747 134976
0b00b201 0b003801 10000 100 23185 2000571100 128500 128747
0b003001 0b003a01 10000 100 308911 2000561182 143859 144237
0b013901 0b000701 10000 100 1386520 2000146127 585402 585950
0b002501 0b00fc01 10000 100 69361 2000595487 155677 144230
0b002701 0b012e01 10000 100 13183 2000625610 134021 125393
0b00e701 0b00aa01 10000 100 648349 2000424671 338248 338400
0b006b01 0b00e501 10000 100 620468 2000439856 328635 329048
0b010a01 0b001801 10000 100 85 2000649366 120284 121002
0b002501 0b00a001 10000 100 76441 2000625273 146500 146603
0b005b01 0b00e901 10000 100 1777618 2000049382 738297 717107
0b006801 0b012e01 10000 100 34266 2000641659 148218 132462
0b00c801 0b012901 10000 100 7479 2000672176 125399 123476
0b00d601 0b001a01 10000 100 23582 2000675091 128871 128874
0b007b01 0b013401 10000 100 68752 2000638664 166424 144020
0b009201 0b00fd01 10000 100 173813 2000627081 182501 179252
0b00ac01 0b002201 10000 100 1644 2000688327 122497 121516
0b012501 0b00eb01 10000 100 692497 2000513677 354081 353203
0b00f601 0b001a01 10000 100 1283 2000747094 121161 121401
0b00a501 0b011e01 10000 100 916508 2000463276 427860 428327
0b011801 0b003401 10000 100 7119 2000772905 123119 123360
0b004501 0b004601 10000 100 25722 2000849614 57446 49270
0b00e201 0b010f01 10000 100 60503 2000773614 141147 141257
0b012601 0b00cf01 10000 100 52527 2000780218 138398 138582
0b001401 0b010001 10000 100 57970 2000764419 159578 140401
0b013c01 0b011201 10000 100 58844 2000832411 100357 100536
0b001d01 0b013001 10000 100 8437 2000810318 123610 123798
0b010701 0b000a01 10000 100 6859 2000820720 123050 123262
0b010e01 0b010401 10000 100 632107 2000698215 252142 252637
0b006901 0b000001 10000 100 26298 2000827224 129541 129790
0b010401 0b00e201 10000 100 44520 2000820781 136584 135897
0b00f201 0b011a01 10000 100 1266559 2000419184 545075 545720
0b007b01 0b00dd01 10000 100 1368838 2000372722 602483 580016
0b005901 0b002e01 10000 100 39291 2000853370 134489 134147
