2017094023 290 0 1 1
2017097633 357 1 3 1
2017139633 289 0 1 1
2017152244 357 1 3 0
2017179022 357 1 3 1
2017240377 290 0 1 0
2017255507 358 1 3 1
2017266460 357 1 3 0
2017270790 289 0 1 0
2017271060 290 0 1 1
2017283218 358 1 3 0
2017296607 357 1 3 1
2017302528 289 0 1 1
2017328999 358 1 3 1
2017357355 290 0 1 0
2017360876 358 1 3 0
2017363684 357 1 3 0
2017367270 289 0 1 0
2017375436 347 1 4 1
2017395705 290 0 1 1
2017398304 357 1 3 1
2017406357 347 1 4 0
2017409978 358 1 3 1
2017442211 347 1 4 1
2017443660 358 1 3 0
2017446157 357 1 3 0
2017451546 290 0 1 0
2017475191 347 1 4 0
2017483943 357 1 3 1
2017484441 290 0 1 1
2017507057 358 1 3 1
2017517217 347 1 4 1
2017534754 358 1 3 0
2017539085 357 1 3 0
2017540741 290 0 1 0
2017558386 347 1 4 0
2017574033 357 1 3 1
2017576722 290 0 1 1
2017592531 347 1 4 1
2017625621 290 0 1 0
2017626611 347 1 4 0
2017628168 357 1 3 0
2017660021 357 1 3 1
2017665342 290 0 1 1
2017665879 347 1 4 1
2017702537 347 1 4 0
2017708765 357 1 3 0
2017710734 290 0 1 0
2017739627 357 1 3 1
2017739902 347 1 4 1
2017749678 290 0 1 1
2017776210 347 1 4 0
2017793034 290 0 1 0
2017793704 357 1 3 0
2017813926 347 1 4 1
2017823467 357 1 3 1
2017841902 290 0 1 1
2017847794 347 1 4 0
2017873585 357 1 3 0
2017878501 290 0 1 0
2017889511 347 1 4 1
2017905031 358 1 3 1
2017905267 357 1 3 1
2017910100 357 1 3 0
2017922620 347 1 4 0
2017924632 290 0 1 1
2017926270 358 1 3 0
2017949986 290 0 1 0
2017968060 347 1 4 1
2017995713 290 0 1 1
2018001632 347 1 4 0
2018036914 290 0 1 0
2018065268 347 1 4 1
2018078785 290 0 1 1
2018096071 347 1 4 0
2018128615 290 0 1 0
2018165114 347 1 4 1
2018179360 290 0 1 1
2018196101 347 1 4 0
2018224688 290 0 1 0
2018259494 347 1 4 1
2018259569 347 1 4 0
2018259838 347 1 4 1
2018270629 290 0 1 1
2018287432 347 1 4 0
2018315451 290 0 1 0
2018340201 347 1 4 1
2018361259 290 0 1 1
2018378257 347 1 4 0
2018408300 290 0 1 0
2018422488 347 1 4 1
2018450651 290 0 1 1
2018467401 347 1 4 0
2018501529 290 0 1 0
2018509802 347 1 4 1
2018530549 290 0 1 1
2018549743 347 1 4 0
2018587884 347 1 4 1
2018632712 347 1 4 0
2018665072 347 1 4 1
2018698328 347 1 4 0
2018731677 290 0 1 0
2018733984 347 1 4 1
2018780825 347 1 4 0
2018815330 347 1 4 1
2018820567 290 0 1 1
2018861717 347 1 4 0
2018895730 347 1 4 1
2018903367 290 0 1 0
2018940368 347 1 4 0
2018949827 290 0 1 1
2018975460 347 1 4 1
2019021690 347 1 4 0
2019049056 290 0 1 0
2019056754 347 1 4 1
2019083139 290 0 1 1
2019103645 347 1 4 0
2019140950 347 1 4 1
2019171698 290 0 1 0
2019185682 347 1 4 0
2019208461 290 0 1 1
2019231782 347 1 4 1
2019260545 347 1 4 0
2019291420 290 0 1 0
2019312805 347 1 4 1
2019342620 347 1 4 0
2019355988 290 0 1 1
2019387420 290 0 1 0
2019400864 347 1 4 1
2019424853 290 0 1 1
2019432055 347 1 4 0
2019472146 290 0 1 0
2019490867 347 1 4 1
2019490870 347 1 4 0
2019491014 347 1 4 1
2019519964 290 0 1 1
2019522505 347 1 4 0
2019552584 290 0 1 0
2019582671 347 1 4 1
2019606097 290 0 1 1
2019611845 347 1 4 0
2019638717 290 0 1 0
2019670623 347 1 4 1
2019675145 290 0 1 1
2019702721 347 1 4 0
2019716197 290 0 1 0
2019758990 290 0 1 1
2019762321 347 1 4 1
2019784741 290 0 1 0
2019791872 347 1 4 0
2019856204 347 1 4 1
2019885424 347 1 4 0
2019960625 347 1 4 1
2019988677 347 1 4 0
2020055518 347 1 2 1
2020066363 347 1 4 1
2020094367 347 1 4 0
2020096012 346 1 2 1
2020120740 346 1 2 0
2020126569 347 1 2 0
2020152853 347 1 2 1
2020165005 346 1 2 1
2020165210 346 1 2 0
2020165424 346 1 2 1
2020169327 347 1 4 1
2020200470 346 1 2 0
2020202853 347 1 4 0
2020244676 346 1 2 1
2020251390 347 1 2 0
2020262154 347 1 4 1
2020262166 347 1 4 0
2020262263 347 1 4 1
2020270697 346 1 2 0
2020275819 347 1 2 1
2020291299 347 1 4 0
2020311112 346 1 2 1
2020345299 346 1 2 0
2020353274 347 1 4 1
2020383439 347 1 4 0
2020392062 346 1 2 1
2020408949 347 1 2 0
2020420674 346 1 2 0
2020435675 347 1 2 1
2020448297 347 1 4 1
2020460081 346 1 2 1
2020478313 347 1 4 0
2020495623 346 1 2 0
2020512129 347 1 2 0
2020534456 347 1 2 1
2020539082 347 1 4 1
2020539173 346 1 2 1
2020569349 347 1 4 0
2020573325 346 1 2 0
2020600234 347 1 2 0
2020618539 346 1 2 1
2020621652 347 1 2 1
2020629984 347 1 4 1
2020661026 347 1 4 0
2020661539 346 1 2 0
2020683540 347 1 2 0
2020705413 346 1 2 1
2020705624 347 1 2 1
2020742098 347 1 4 1
2020744620 346 1 2 0
2020756009 347 1 2 0
2020771772 347 1 4 0
2020781241 347 1 2 1
2020789580 346 1 2 1
2020819024 347 1 4 1
2020822674 346 1 2 0
2020827699 347 1 2 0
2020856140 347 1 2 1
2020864234 347 1 4 0
2020868199 346 1 2 1
2020893024 347 1 2 0
2020900285 346 1 2 0
2020907782 347 1 4 1
2020961965 346 1 2 1
2020963648 347 1 4 0
2020988834 346 1 2 0
2020999900 347 1 4 1
2021055103 347 1 4 0
2021069578 346 1 2 1
2021069638 346 1 2 0
2021069827 346 1 2 1
2021092619 347 1 4 1
2021097989 346 1 2 0
2021149987 347 1 4 0
2021173064 346 1 2 1
2021182265 347 1 4 1
2021204184 346 1 2 0
2021243842 347 1 4 0
2021267481 346 1 2 1
2021270716 347 1 4 1
2021297984 346 1 2 0
2021339866 347 1 4 0
2021359329 346 1 2 1
2021365753 347 1 4 1
2021387764 346 1 2 0
2021441234 347 1 4 0
2021450014 346 1 2 1
2021468950 347 1 4 1
2021481705 346 1 2 0
2021529687 346 1 2 1
2021546293 347 1 4 0
2021567113 346 1 2 0
2021582868 347 1 4 1
2021610107 346 1 2 1
2021647513 346 1 2 0
2021652334 347 1 4 0
2021687308 347 1 4 1
2021698765 346 1 2 1
2021732660 346 1 2 0
2021735584 347 1 4 0
2021759852 345 1 4 1
2021772484 347 1 4 1
2021780422 346 1 2 1
2021793534 345 1 4 0
2021811106 346 1 2 0
2021826956 345 1 4 1
2021836336 347 1 4 0
2021871207 346 1 2 1
2021876932 347 1 4 1
2021877310 345 1 4 0
2021901811 345 1 4 1
2021902950 346 1 2 0
2021916312 347 1 4 0
2021946219 347 1 4 1
2021953787 346 1 2 1
2021953952 346 1 2 0
2021954129 346 1 2 1
2021978363 345 1 4 0
2021981087 346 1 2 0
2022007544 345 1 4 1
2022024867 347 1 4 0
2022032458 346 1 2 1
2022048076 347 1 4 1
2022059284 346 1 2 0
2022079868 345 1 4 0
2022109017 345 1 4 1
2022134411 346 1 2 1
2022157062 347 1 4 0
2022159208 346 1 2 0
2022175356 345 1 4 0
2022181752 347 1 4 1
2022200608 345 1 4 1
2022218918 346 1 4 1
2022249212 346 1 2 1
2022268141 345 1 4 0
2022269143 347 1 4 0
2022286903 346 1 2 0
2022287571 346 1 4 0
2022298405 345 1 4 1
2022304460 347 1 4 1
2022313016 346 1 4 1
2022331720 346 1 2 1
2022365400 346 1 2 0
2022366095 346 1 4 0
2022377013 347 1 4 0
2022397417 346 1 4 1
2022406267 347 1 4 1
2022409173 345 1 4 0
2022418936 346 1 2 1
2022437247 345 1 4 1
2022454279 346 1 2 0
2022462816 347 1 4 0
2022493218 347 1 4 1
2022495710 346 1 2 1
2022504669 346 1 4 0
2022517074 345 1 4 0
2022528270 346 1 2 0
2022539976 346 1 4 1
2022541864 345 1 4 1
2022579061 347 1 4 0
2022579749 346 1 2 1
2022608309 345 1 4 0
2022610302 346 1 2 0
2022615584 347 1 4 1
2022637004 345 1 4 1
2022647523 346 1 4 0
2022648701 346 1 2 1
2022651673 347 1 4 0
2022675316 346 1 4 1
2022679478 347 1 4 1
2022687048 346 1 2 0
2022704339 345 1 4 0
2022732838 345 1 4 1
2022734166 347 1 4 0
2022734779 346 1 2 1
2022761873 346 1 2 0
2022762416 346 1 4 0
2022765069 347 1 4 1
2022791081 346 1 4 1
2022827748 346 1 2 1
2022837346 347 1 4 0
2022839313 346 1 4 0
2022857239 346 1 2 0
2022868251 347 1 4 1
2022873361 346 1 4 1
2022897363 345 1 4 0
2022918829 346 1 4 0
2022921289 345 1 4 1
2022929136 347 1 4 0
2022936060 346 1 2 1
2022945420 346 1 4 1
2022955870 347 1 4 1
2022963280 346 1 2 0
2022982313 345 1 4 0
2022993708 347 1 4 0
2023008887 345 1 4 1
2023034028 346 1 4 0
2023034577 346 1 2 1
2023034594 346 1 2 0
2023034848 346 1 2 1
2023038522 347 1 4 1
2023062247 346 1 2 0
2023070964 346 1 4 1
2023117776 345 1 4 0
2023118067 346 1 4 0
2023143445 346 1 2 1
2023143571 345 1 4 1
2023145078 346 1 4 1
2023171495 346 1 2 0
2023184417 347 1 4 0
2023201189 345 1 4 0
2023208726 347 1 4 1
2023220296 346 1 4 0
2023223939 345 1 4 1
2023244590 346 1 2 1
2023257769 346 1 4 1
2023271175 346 1 2 0
2023292391 345 1 4 0
2023320814 345 1 4 1
2023327754 346 1 4 0
2023331666 346 1 2 1
2023355476 346 1 2 0
2023362197 346 1 4 1
2023389284 346 1 4 0
2023404219 347 1 4 0
2023424226 347 1 4 1
2023433756 346 1 4 1
2023438814 345 1 4 0
2023470971 345 1 4 1
2023474288 346 1 4 0
2023530502 343 1 2 1
2023545014 345 1 4 0
2023551917 347 1 4 0
2023575049 343 1 2 0
2023575167 345 1 4 1
2023577322 347 1 4 1
2023598631 343 1 2 1
2023641304 347 1 4 0
2023648566 345 1 4 0
2023650952 341 1 2 1
2023672403 345 1 4 1
2023681244 347 1 4 1
2023690045 341 1 2 0
2023695350 343 1 2 0
2023720000 341 1 2 1
2023721077 343 1 2 1
2023742545 345 1 4 0
2023773441 345 1 4 1
2023790433 347 1 4 0
2023795031 341 1 2 0
2023797759 343 1 2 0
2023814060 347 1 4 1
2023823858 343 1 2 1
2023824045 341 1 2 1
2023831295 345 1 4 0
2023857677 345 1 4 1
2023866878 347 1 4 0
2023895070 341 1 2 0
2023902596 347 1 4 1
2023905491 343 1 2 0
2023927777 341 1 2 1
2023929681 343 1 2 1
2023933299 345 1 4 0
2023979864 345 1 4 1
2023982400 347 1 4 0
2024004011 341 1 2 0
2024008671 343 1 2 0
2024031745 341 1 2 1
2024032815 347 1 4 1
2024032818 347 1 4 0
2024033029 347 1 4 1
2024034826 343 1 2 1
2024055930 347 1 4 0
2024066905 345 1 4 0
2024097805 347 1 4 1
2024101776 345 1 4 1
2024113528 343 1 2 0
2024115271 341 1 2 0
2024136330 347 1 4 0
2024139991 343 1 2 1
2024142312 341 1 2 1
2024157390 345 1 4 0
2024184822 345 1 4 1
2024189816 347 1 4 1
2024202349 341 1 2 0
2024225159 347 1 4 0
2024229389 341 1 2 1
2024246971 343 1 2 0
2024256681 345 1 4 0
2024271550 343 1 2 1
2024280124 345 1 4 1
2024284280 347 1 4 1
2024288306 341 1 2 0
2024317997 341 1 2 1
2024320653 347 1 4 0
2024375808 341 1 2 0
2024376356 343 1 2 0
2024377530 347 1 4 1
2024379445 345 1 4 0
2024403384 343 1 2 1
2024408078 341 1 2 1
2024412258 345 1 4 1
2024429121 347 1 4 0
2024470256 341 1 2 0
2024486405 347 1 4 1
2024492520 345 1 4 0
2024498143 343 1 2 0
2024505989 341 1 2 1
2024521633 347 1 4 0
2024522995 345 1 4 1
2024524236 343 1 2 1
2024547254 347 1 4 1
2024562092 341 1 2 0
2024583418 345 1 4 0
2024587119 347 1 4 0
2024599265 341 1 2 1
2024607357 346 1 4 1
2024610592 345 1 4 1
2024610599 345 1 4 0
2024610772 345 1 4 1
2024611671 343 1 2 0
2024620129 347 1 4 1
2024640060 343 1 2 1
2024652826 345 1 4 0
2024657103 341 1 2 0
2024690825 345 1 4 1
2024691695 341 1 2 1
2024693125 347 1 4 0
2024700781 343 1 2 0
2024720570 347 1 4 1
2024729535 345 1 4 0
2024731170 343 1 2 1
2024740061 341 1 2 0
2024761198 345 1 4 1
2024764000 343 1 2 0
2024769721 342 1 2 1
2024771141 347 1 4 0
2024773449 341 1 2 1
2024774638 342 1 2 0
2024774967 342 1 2 1
2024775011 342 1 2 0
2024798018 343 1 2 1
2024804051 343 1 2 0
2024805236 345 1 4 0
2024830971 341 1 2 0
2024837854 345 1 4 1
2024855438 345 1 4 0
2024869699 341 1 2 1
2024876516 341 1 2 0
2024910041 346 1 4 0
2024933600 346 1 4 1
2024991066 342 1 2 1
2025057343 342 1 2 0
2025095534 342 1 2 1
2025125424 346 1 4 0
2025152013 346 1 4 1
2025152095 342 1 2 0
2025189643 342 1 2 1
2025250307 342 1 2 0
2025252199 346 1 4 0
2025288976 342 1 2 1
2025292094 346 1 4 1
2025338577 342 1 2 0
2025340914 345 1 4 1
2025371442 345 1 4 0
2025372031 342 1 2 1
2025372155 346 1 4 0
2025405203 345 1 4 1
2025406406 346 1 4 1
2025450633 342 1 2 0
2025451524 346 1 4 0
2025465411 345 1 4 0
2025487994 346 1 4 1
2025488246 342 1 2 1
2025491968 345 1 4 1
2025535336 345 1 4 0
2025539829 346 1 4 0
2025547005 342 1 2 0
2025564819 345 1 4 1
2025579521 346 1 4 1
2025580308 342 1 2 1
2025618898 346 1 4 0
2025623424 342 1 2 0
2025634008 345 1 4 0
2025657744 346 1 4 1
2025661194 345 1 4 1
2025664613 342 1 2 1
2025702146 346 1 4 0
2025721776 342 1 2 0
2025735634 346 1 4 1
2025751425 345 1 4 0
2025760306 342 1 2 1
2025781188 345 1 4 1
2025811805 346 1 4 0
2025826597 342 1 2 0
2025844301 346 1 4 1
2025849748 345 1 4 0
2025869079 342 1 2 1
2025882947 345 1 4 1
2025915965 342 1 2 0
2025918088 345 1 4 0
2025946684 345 1 4 1
2025950411 346 1 4 0
2025978868 346 1 4 1
2025981657 344 1 4 1
2026009617 345 1 4 0
2026020961 344 1 4 0
2026043290 345 1 4 1
2026048604 346 1 4 0
2026049626 344 1 4 1
2026083737 346 1 4 1
2026104223 344 1 4 0
2026104683 345 1 4 0
2026138116 344 1 4 1
2026139409 345 1 4 1
2026161344 346 1 4 0
2026178718 345 1 4 0
2026186388 346 1 4 1
2026214563 345 1 4 1
2026215009 344 1 4 0
2026275427 344 1 4 1
2026283991 345 1 4 0
2026307739 344 1 4 0
2026325349 345 1 4 1
2026361464 344 1 4 1
2026387497 346 1 4 0
2026388493 345 1 4 0
2026395866 344 1 4 0
2026417479 346 1 4 1
2026420596 345 1 4 1
2026444095 344 1 4 1
2026475045 344 1 4 0
2026480282 345 1 4 0
2026509838 345 1 4 1
2026542078 344 1 4 1
2026573018 344 1 4 0
2026576056 346 1 4 0
2026577079 345 1 4 0
2026602347 346 1 4 1
2026617960 344 1 4 1
2026624186 345 1 4 1
2026642235 344 1 4 0
2026701199 345 1 4 0
2026725436 345 1 4 1
2026731981 344 1 4 1
2026750916 346 1 4 0
2026764326 344 1 4 0
2026778520 346 1 4 1
2026823450 344 1 4 1
2026861783 345 1 4 0
2026863839 344 1 4 0
2026874178 346 1 4 0
2026892826 345 1 4 1
2026895221 346 1 4 1
2026938191 344 1 4 1
2026969828 344 1 4 0
2027039030 346 1 4 0
2027041389 345 1 4 0
2027069363 345 1 4 1
2027071728 346 1 4 1
2027128778 345 1 4 0
2027160509 345 1 4 1
2027213244 346 1 4 0
2027249970 346 1 4 1
2027270847 345 1 4 0
2027295848 345 1 4 1
2027318751 346 1 4 0
2027355851 346 1 4 1
2027428285 346 1 4 0
2027455738 345 1 4 0
2027463712 346 1 4 1
2027484788 345 1 4 1
2027556982 345 1 4 0
2027573369 346 1 4 0
2027577215 341 1 2 1
2027578106 341 1 2 0
2027579573 341 1 2 1
2027590436 345 1 4 1
2027590482 345 1 4 0
2027590680 345 1 4 1
2027595711 346 1 4 1
2027607361 341 1 2 0
2027636698 345 1 4 0
2027642368 341 1 2 1
2027662460 345 1 4 1
2027693080 341 1 2 0
2027696649 345 1 4 0
2027704752 346 1 4 0
2027727731 341 1 2 1
2027727785 341 1 2 0
2027727900 341 1 2 1
2027728023 345 1 4 1
2027728876 346 1 4 1
2027774824 341 1 2 0
2027776072 345 1 4 0
2027781124 344 1 4 1
2027781220 344 1 4 0
2027781574 344 1 4 1
2027809782 345 1 4 1
2027810549 341 1 2 1
2027812926 344 1 4 0
2027839518 341 1 2 0
2027846020 346 1 4 0
2027850446 344 1 4 1
2027859961 345 1 4 0
2027873731 346 1 4 1
2027879528 341 1 2 1
2027887438 345 1 4 1
2027904887 344 1 4 0
2027931026 341 1 2 0
2027939541 344 1 4 1
2027951545 346 1 4 0
2027957021 345 1 4 0
2027969057 341 1 2 1
2027969160 341 1 2 0
2027969246 341 1 2 1
2027979890 346 1 4 1
2027981589 345 1 4 1
2028013117 341 1 2 0
2028035995 344 1 4 0
2028051967 341 1 2 1
2028064116 344 1 4 1
2028088476 344 1 4 0
2028091638 346 1 4 0
2028098659 345 1 4 0
2028101231 341 1 2 0
2028119243 345 1 4 1
2028119695 346 1 4 1
2028125812 344 1 4 1
2028137427 341 1 2 1
2028137555 341 1 2 0
2028137767 341 1 2 1
2028166550 344 1 4 0
2028173315 346 1 4 0
2028174988 341 1 2 0
2028201018 346 1 4 1
2028208325 341 1 2 1
2028238185 344 1 4 1
2028240402 341 1 2 0
2028268202 344 1 4 0
2028277922 341 1 2 1
2028278008 341 1 2 0
2028278188 341 1 2 1
2028303735 341 1 2 0
2028304300 345 1 4 0
2028310410 346 1 4 0
2028313868 344 1 4 1
2028326908 347 1 4 1
2028329868 345 1 4 1
2028337442 346 1 4 1
2028351268 344 1 4 0
2028357457 341 1 2 1
2028394508 341 1 2 0
2028413255 346 1 4 0
2028436042 341 1 2 1
2028440664 346 1 4 1
2028466193 344 1 4 1
2028471818 344 1 4 0
2028475880 341 1 2 0
2028504684 346 1 4 0
2028513299 347 1 4 0
2028523482 345 1 4 0
2028537257 341 1 2 1
2028537322 346 1 4 1
2028538686 347 1 4 1
2028557713 345 1 4 1
2028579384 341 1 2 0
2028619893 346 1 4 0
2028626205 341 1 2 1
2028626322 341 1 2 0
2028626464 341 1 2 1
2028648925 346 1 4 1
2028657389 341 1 2 0
2028664126 345 1 4 0
2028702785 341 1 2 1
2028710106 345 1 4 1
2028736987 341 1 2 0
2028779366 345 1 4 0
2028814217 347 1 4 0
2028821927 345 1 4 1
2028826523 341 1 2 1
2028844065 346 1 4 0
2028850701 347 1 4 1
2028852761 341 1 2 0
2028875303 346 1 4 1
2028883322 345 1 4 0
2028918429 345 1 4 1
2028967818 345 1 4 0
2029003146 346 1 4 0
2029015739 345 1 4 1
2029026608 346 1 4 1
2029046412 341 1 2 1
2029058717 347 1 4 0
2029059179 345 1 4 0
2029069283 341 1 2 0
2029083424 347 1 4 1
2029095170 345 1 4 1
2029184392 347 1 4 0
2029196660 345 1 4 0
2029208260 347 1 4 1
2029231327 345 1 4 1
2029285639 345 1 4 0
2029310738 345 1 4 1
2029336949 347 1 4 0
2029367384 347 1 4 1
2029425028 345 1 4 0
2029452287 345 1 4 1
2029481611 344 1 4 1
2029485114 347 1 4 0
2029503078 344 1 4 0
2029513353 347 1 4 1
2029554338 345 1 4 0
2029558645 344 1 4 1
2029572840 347 1 4 0
2029582114 346 1 4 0
2029583148 344 1 4 0
2029586995 345 1 4 1
2029604478 347 1 4 1
2029604738 346 1 4 1
2029610600 344 1 4 1
2029641754 345 1 4 0
2029659277 344 1 4 0
2029660519 347 1 4 0
2029676875 345 1 4 1
2029694177 347 1 4 1
2029700866 344 1 4 1
2029733563 345 1 4 0
2029758919 344 1 4 0
2029763420 347 1 4 0
2029776079 346 1 4 0
2029785672 345 1 4 1
2029789725 347 1 4 1
2029795521 344 1 4 1
2029798528 346 1 4 1
2029826329 345 1 4 0
2029835054 347 1 4 0
2029865986 345 1 4 1
2029869201 347 1 4 1
2029878589 344 1 4 0
2029907763 346 1 4 0
2029916307 344 1 4 1
2029924649 347 1 4 0
2029924667 345 1 4 0
2029936920 346 1 4 1
2029949286 345 1 4 1
2029953319 347 1 4 1
2029955333 344 1 4 0
2029994498 344 1 4 1
2030011948 347 1 4 0
2030014963 346 1 4 0
2030020386 345 1 4 0
2030046554 347 1 4 1
2030050012 345 1 4 1
2030050876 346 1 4 1
2030052252 344 1 4 0
2030088342 344 1 4 1
2030099777 346 1 4 0
2030112754 345 1 4 0
2030113701 347 1 4 0
2030135564 346 1 4 1
2030136461 345 1 4 1
2030142636 347 1 4 1
2030162698 344 1 4 0
2030172863 345 1 4 0
2030196650 347 1 4 0
2030207672 345 1 4 1
2030212969 344 1 4 1
2030212972 344 1 4 0
2030213164 344 1 4 1
2030213304 344 1 4 0
2030213541 344 1 4 1
2030213639 344 1 4 0
2030213895 344 1 4 1
2030220901 347 1 4 1
2030235729 346 1 4 0
2030250858 344 1 4 0
2030284657 344 1 4 1
2030298488 346 1 4 1
2030301380 143 0 1 1
2030308078 345 1 4 0
2030320015 346 1 4 0
2030321535 344 1 4 0
2030340343 347 1 4 0
2030343914 345 1 4 1
2030362660 347 1 4 1
2030369655 344 1 4 1
2030380063 346 1 4 1
2030411605 344 1 4 0
2030417633 346 1 4 0
2030420392 347 1 4 0
2030450675 347 1 4 1
2030463110 346 1 4 1
2030478342 345 1 4 0
2030501683 346 1 4 0
2030505198 345 1 4 1
2030530239 344 1 4 1
2030543540 346 1 4 1
2030565591 344 1 4 0
2030574209 347 1 4 0
2030579076 346 1 4 0
2030604538 344 1 4 1
2030609839 347 1 4 1
2030621209 346 1 4 1
2030640032 347 1 4 0
2030659099 346 1 4 0
2030686021 344 1 4 0
2030689180 347 1 4 1
2030714594 344 1 4 1
2030744881 347 1 4 0
2030751367 345 1 4 0
2030772480 347 1 4 1
2030775704 345 1 4 1
2030781921 346 1 4 1
2030812079 344 1 4 0
2030814245 346 1 4 0
2030815974 347 1 4 0
2030846109 347 1 4 1
2030847411 344 1 4 1
2030864679 346 1 4 1
2030886372 345 1 4 0
2030897525 346 1 4 0
2030917465 345 1 4 1
2030929857 344 1 4 0
2030934906 346 1 4 1
2030957286 344 1 4 1
2030967965 346 1 4 0
2030977805 347 1 4 0
2030984527 345 1 4 0
2030991974 344 1 4 0
2031007396 347 1 4 1
2031009206 345 1 4 1
2031014305 346 1 4 1
2031028959 344 1 4 1
2031053201 346 1 4 0
2031063664 344 1 4 0
2031091312 346 1 4 1
2031097710 347 1 4 0
2031104177 344 1 4 1
2031123599 347 1 4 1
2031148084 344 1 4 0
2031170556 346 1 4 0
2031181505 347 1 4 0
2031190563 346 1 4 1
2031198585 345 1 4 0
2031204278 344 1 4 1
2031210007 345 1 4 1
2031213225 347 1 4 1
2031218036 345 1 4 0
2031219011 345 1 4 1
2031242496 344 1 4 0
2031260296 347 1 4 0
2031276258 344 1 4 1
2031277987 345 1 4 0
2031292636 347 1 4 1
2031309442 345 1 4 1
2031336521 344 1 4 0
2031373264 345 1 4 0
2031376783 344 1 4 1
2031378078 347 1 4 0
2031400521 345 1 4 1
2031406553 347 1 4 1
2031412543 346 1 4 0
2031423179 344 1 4 0
2031450206 346 1 4 1
2031457839 344 1 4 1
2031465061 345 1 4 0
2031499890 345 1 4 1
2031506844 344 1 4 0
2031537374 345 1 4 0
2031537738 344 1 4 1
2031558854 347 1 4 0
2031568102 345 1 4 1
2031574439 346 1 4 0
2031582923 347 1 4 1
2031594737 344 1 4 0
2031617461 346 1 4 1
2031623207 344 1 4 1
2031648214 347 1 4 0
2031664716 344 1 4 0
2031664757 345 1 4 0
2031679117 347 1 4 1
2031688269 143 0 1 0
2031692963 345 1 4 1
2031709364 344 1 4 1
2031733767 345 1 4 0
2031763539 344 1 4 0
2031767693 345 1 4 1
2031799054 344 1 4 1
2031809267 146 0 1 1
2031811572 345 1 4 0
2031820489 347 1 4 0
2031845215 345 1 4 1
2031850639 344 1 4 0
2031853399 347 1 4 1
2031883421 344 1 4 1
2031907254 347 1 4 0
2031918309 345 1 4 0
2031937556 347 1 4 1
2031952674 344 1 4 0
2031959248 345 1 4 1
2031992645 344 1 4 1
2032022801 346 1 4 0
2032034861 344 1 4 0
2032037577 345 1 4 0
2032050207 347 1 4 0
2032060571 345 1 4 1
2032066402 344 1 4 1
2032075308 146 0 1 0
2032076480 347 1 4 1
2032131131 344 1 4 0
2032163615 344 1 4 1
2032165952 347 1 4 0
2032235739 345 1 4 0
2032252525 344 1 4 0
2032275609 345 1 4 1
2032283712 344 1 4 1
2032322327 345 1 4 0
2032352446 344 1 4 0
2032399597 344 1 4 1
2032436881 344 1 4 0
2032476508 344 1 4 1
2032512654 344 1 4 0
2032544590 344 1 4 1
2032611136 344 1 4 0
2032664590 344 1 4 1
2032699795 344 1 4 0
2033813798 146 0 1 1
2033865954 146 0 1 0
2033898369 146 0 1 1
2033959444 146 0 1 0
2033992714 146 0 1 1
2034052290 146 0 1 0
2034084357 146 0 1 1
2034139805 146 0 1 0
2034173939 146 0 1 1
2034230674 146 0 1 0
2034271325 146 0 1 1
2034314332 146 0 1 0
2034356869 146 0 1 1
2034393034 146 0 1 0
2035136614 351 1 2 1
2035136617 351 1 2 0
2035137570 351 1 2 1
2035137841 351 1 2 0
2035139104 351 1 2 1
2035139312 351 1 2 0
2035139448 351 1 2 1
2035139928 351 1 2 0
2035141156 351 1 2 1
2035141324 351 1 2 0
2035141500 351 1 2 1
2035141669 351 1 2 0
2035142093 351 1 2 1
2035162538 351 1 2 0
2036141677 344 1 3 1
2036141776 344 1 3 0
2036141938 344 1 3 1
2036172833 344 1 3 0
2036235004 344 1 3 1
2036265910 344 1 3 0
2036328074 344 1 3 1
2036358738 344 1 3 0
2036423726 344 1 3 1
2036455632 344 1 3 0
2036519823 344 1 3 1
2036546060 344 1 3 0
2036628918 344 1 3 1
2036656275 344 1 3 0
2037742113 102 0 1 1
2038289856 342 1 2 1
2038319883 344 1 3 1
2038329483 342 1 2 0
2038351421 344 1 3 0
2038354593 342 1 2 1
2038394304 344 1 3 1
2038419694 342 1 2 0
2038433928 344 1 3 0
2038444511 342 1 2 1
2038474435 344 1 3 1
2038507950 342 1 2 0
2038515437 344 1 3 0
2038524920 102 0 1 0
2038533793 342 1 2 1
2038556227 344 1 3 1
2038593837 344 1 3 0
2038597839 342 1 2 0
2038624187 342 1 2 1
2038629608 344 1 3 1
2038669144 344 1 3 0
2038684792 342 1 2 0
2038703038 344 1 3 1
2038710190 342 1 2 1
2038741265 344 1 3 0
2038765951 342 1 2 0
2038783172 344 1 3 1
2038790970 342 1 2 1
2038809426 344 1 3 0
2038845413 344 1 3 1
2038850055 342 1 2 0
2038872213 344 1 3 0
2038875378 342 1 2 1
2038910292 344 1 3 1
2038935193 344 1 3 0
2038940973 342 1 2 0
2038967043 342 1 2 1
2038994101 226 0 1 1
2039022610 342 1 2 0
2039049091 342 1 2 1
2039078704 342 1 2 0
2039225120 342 1 2 1
2039253167 342 1 2 0
2039278090 342 1 2 1
2039323263 342 1 2 0
2039349163 342 1 2 1
2039402978 342 1 2 0
2039434352 342 1 2 1
2039478255 342 1 2 0
2039508799 342 1 2 1
2039529569 342 1 2 0
2039626399 226 0 1 0
2039939114 342 1 2 1
2039976999 342 1 2 0
2040004057 342 1 2 1
2040047121 342 1 2 0
2040428308 102 0 1 1
2040474260 102 0 1 0
2040505126 102 0 1 1
2040622590 102 0 1 0
2040689501 102 0 1 1
2040724033 102 0 1 0
2040752838 344 1 3 1
2040754877 102 0 1 1
2040771929 347 1 3 1
2040796039 344 1 3 0
2040798644 347 1 3 0
2040818815 102 0 1 0
2040829302 344 1 3 1
2040843594 102 0 1 1
2040877913 344 1 3 0
2040905049 102 0 1 0
2040924768 344 1 3 1
2040941743 102 0 1 1
2040974393 344 1 3 0
2041008752 344 1 3 1
2041012573 102 0 1 0
2041043458 102 0 1 1
2041056468 344 1 3 0
2041105693 344 1 3 1
2041105713 344 1 3 0
2041106191 344 1 3 1
2041107891 102 0 1 0
2041135685 102 0 1 1
2041140342 344 1 3 0
2041185738 344 1 3 1
2041221115 344 1 3 0
2041229156 102 0 1 0
2041257209 102 0 1 1
2041285083 344 1 3 1
2041285278 344 1 3 0
2041285664 344 1 3 1
2041319153 344 1 3 0
2041331230 102 0 1 0
2041363006 102 0 1 1
2041381803 344 1 3 1
2041382151 344 1 3 0
2041382554 344 1 3 1
2041383646 344 1 3 0
2041383921 344 1 3 1
2041412456 344 1 3 0
2041413085 102 0 1 0
2041451188 102 0 1 1
2041453128 344 1 3 1
2041453211 344 1 3 0
2041453709 344 1 3 1
2041466857 104 0 1 1
2041485776 344 1 3 0
2041493914 102 0 1 0
2041498065 104 0 1 0
2041538293 344 1 3 1
2041538364 344 1 3 0
2041538629 344 1 3 1
2041546422 102 0 1 1
2041564643 104 0 1 1
2041570522 344 1 3 0
2041582403 102 0 1 0
2041587510 104 0 1 0
2041633799 344 1 3 1
2041650068 104 0 1 1
2041663882 344 1 3 0
2041674275 104 0 1 0
2041728453 344 1 3 1
2041739848 104 0 1 1
2041757411 344 1 3 0
2041767405 104 0 1 0
2041819492 344 1 3 1
2041837668 104 0 1 1
2041860196 344 1 3 0
2041865225 104 0 1 0
2041918364 344 1 3 1
2041918382 344 1 3 0
2041918696 344 1 3 1
2041932808 104 0 1 1
2041952288 344 1 3 0
2041961035 104 0 1 0
2041996365 344 1 3 1
2042030293 104 0 1 1
2042052368 344 1 3 0
2042058855 104 0 1 0
2042098444 344 1 3 1
2042118733 104 0 1 1
2042145955 104 0 1 0
2042146708 344 1 3 0
2042197753 344 1 3 1
2042208178 104 0 1 1
2042244445 104 0 1 0
2042244466 344 1 3 0
2042291626 344 1 3 1
2042292933 104 0 1 1
2042320665 344 1 3 0
2042346285 104 0 1 0
2042394438 104 0 1 1
2042406163 344 1 3 1
2042428698 344 1 3 0
2042431375 104 0 1 0
2042468138 104 0 1 1
2042517470 104 0 1 0
2042522784 344 1 3 1
2042522833 344 1 3 0
2042555908 104 0 1 1
2042576998 344 1 3 1
2042577103 344 1 3 0
2042605575 104 0 1 0
2042647028 104 0 1 1
2042705405 104 0 1 0
2042744513 104 0 1 1
2042795185 104 0 1 0
2042820284 344 1 3 1
2042825248 104 0 1 1
2042842936 344 1 3 0
2042882285 104 0 1 0
2042905352 344 1 3 1
2042919048 104 0 1 1
2042921036 346 1 3 1
2042922192 344 1 3 0
2042947278 346 1 3 0
2042948950 104 0 1 0
2042984038 104 0 1 1
2042997702 346 1 3 1
2043018630 104 0 1 0
2043040585 346 1 3 0
2043085543 104 0 1 1
2043087465 346 1 3 1
2043121984 346 1 3 0
2043144255 104 0 1 0
2043163474 346 1 3 1
2043205721 346 1 3 0
2043230598 104 0 1 1
2043260310 346 1 3 1
2043289980 104 0 1 0
2043297005 346 1 3 0
2043373727 346 1 3 1
2043400342 346 1 3 0
2043483570 346 1 3 1
2043512902 346 1 3 0
2043563596 346 1 3 1
2043603641 346 1 3 0
2043650019 346 1 3 1
2043684376 346 1 3 0
2043731517 346 1 3 1
2043765353 346 1 3 0
2043825396 346 1 3 1
2043850771 346 1 3 0
2043957926 346 1 3 1
2043985624 346 1 3 0
2044057959 346 1 3 1
2044078365 98 0 1 1
2044086419 346 1 3 0
2044120105 346 1 4 1
2044120247 346 1 4 0
2044120437 346 1 4 1
2044144758 346 1 4 0
2044246869 346 1 4 1
2044272125 346 1 4 0
2044356201 98 0 1 0
2044397083 346 1 4 1
2044420958 346 1 4 0
2044446564 98 0 1 1
2044499331 98 0 1 0
2044512805 346 1 4 1
2044544059 346 1 4 0
2044594719 98 0 1 1
2044599396 346 1 4 1
2044626572 346 1 4 0
2044647757 98 0 1 0
2044707635 98 0 1 1
2044742490 98 0 1 0
2044800582 346 1 4 1
2044800678 346 1 4 0
2044800839 346 1 4 1
2044823647 346 1 4 0
2044837878 98 0 1 1
2044872792 98 0 1 0
2045277003 98 0 1 1
2045300418 98 0 1 0
2045352926 98 0 1 1
2045403298 98 0 1 0
2045437046 98 0 1 1
2045560825 98 0 1 0
2045749217 98 0 1 1
2045772221 98 0 1 0
2045897303 98 0 1 1
2045924890 98 0 1 0
2045970382 47 0 1 1
2046006803 98 0 1 1
2046015686 47 0 1 0
2046055361 47 0 1 1
2046069812 98 0 1 0
2046099760 47 0 1 0
2046101645 98 0 1 1
2046139440 47 0 1 1
2046157922 98 0 1 0
2046184547 47 0 1 0
2046193324 98 0 1 1
2046219915 47 0 1 1
2046236399 98 0 1 0
2046267897 98 0 1 1
2046271543 47 0 1 0
2046313520 47 0 1 1
2046350070 98 0 1 0
2046355349 47 0 1 0
2046383780 98 0 1 1
2046453836 98 0 1 0
2046481870 98 0 1 1
2046583442 98 0 1 0
2046612134 98 0 1 1
2046733585 98 0 1 0
2046759293 98 0 1 1
2046810487 98 0 1 0
2053328157 346 1 4 1
2053372607 346 1 4 0
2053409944 346 1 4 1
2053451370 346 1 4 0
2053486832 346 1 4 1
2053531111 346 1 4 0
2053569894 346 1 4 1
2053614503 346 1 4 0
2053649940 346 1 4 1
2053696834 346 1 4 0
2053730982 346 1 4 1
2053775575 346 1 4 0
2053815098 346 1 4 1
2053852283 346 1 4 0
2053892540 346 1 4 1
2053903277 120 0 1 1
2053916779 346 1 4 0
2054183832 346 1 4 1
2054183933 346 1 4 0
2054184089 346 1 4 1
2054211112 346 1 4 0
2054291670 346 1 4 1
2054291713 346 1 4 0
2054291836 346 1 4 1
2054318459 346 1 4 0
2054400189 346 1 4 1
2054426165 346 1 4 0
2054490512 120 0 1 0
2054662280 120 0 1 1
2054689502 120 0 1 0
2054779772 120 0 1 1
2054816467 120 0 1 0
2054872660 120 0 1 1
2054933047 120 0 1 0
2054967130 120 0 1 1
2055027678 120 0 1 0
2055073809 120 0 1 1
2055117353 120 0 1 0
2055155273 120 0 1 1
2055256714 120 0 1 0
2055288962 120 0 1 1
2055360646 120 0 1 0
2055387890 120 0 1 1
2055470779 120 0 1 0
2055495429 120 0 1 1
2055642299 120 0 1 0
2055709907 120 0 1 1
2055744809 120 0 1 0
2055806343 120 0 1 1
2055843299 120 0 1 0
2055896766 120 0 1 1
2055936429 120 0 1 0
2057179479 10 0 1 1
2057447683 1 0 1 1
2057478444 1 0 1 0
2057495983 6 0 1 1
2057528440 3 0 1 1
2057529488 6 0 1 0
2057555351 3 0 1 0
2057556747 1 0 1 1
2057583971 1 0 1 0
2057617402 6 0 1 1
2057632140 3 0 1 1
2057648212 6 0 1 0
2057657305 3 0 1 0
2057682709 1 0 1 1
2057718965 1 0 1 0
2057721546 3 0 1 1
2057729264 6 0 1 1
2057743964 4 0 1 1
2057754793 3 0 1 0
2057760696 6 0 1 0
2057774466 4 0 1 0
2057788893 1 0 1 1
2057817579 1 0 1 0
2057826731 3 0 1 1
2057851992 3 0 1 0
2057874824 6 0 1 1
2057906908 6 0 1 0
2057919332 1 0 1 1
2057924600 3 0 1 1
2057951724 1 0 1 0
2057958914 3 0 1 0
2057974397 6 0 1 1
2058005323 6 0 1 0
2058035207 3 0 1 1
2058062270 3 0 1 0
2058141232 6 0 1 1
2058172733 3 0 1 1
2058195761 3 0 1 0
2058212883 6 0 1 0
2058230514 3 0 1 1
2058262014 3 0 1 0
2058314062 10 0 1 0
2058357977 6 0 1 1
2058363432 3 0 1 1
2058387179 6 0 1 0
2058403103 3 0 1 0
2058441592 120 0 1 1
2058537034 120 0 1 0
2058582172 120 0 1 1
2058643899 120 0 1 0
2058669942 120 0 1 1
2058978761 345 1 4 1
2059006814 345 1 4 0
2059057792 345 1 4 1
2059089296 345 1 4 0
2059094373 120 0 1 0
2059138506 120 0 1 1
2059147294 345 1 4 1
2059178321 345 1 4 0
2059187244 120 0 1 0
2059228099 345 1 4 1
2059271534 345 1 4 0
2059319364 345 1 4 1
2059356325 345 1 4 0
2059414098 345 1 4 1
2059446876 345 1 4 0
2059512133 345 1 4 1
2059547362 345 1 4 0
2059653148 345 1 4 1
2059653298 345 1 4 0
2059653480 345 1 4 1
2059653633 345 1 4 0
2059653824 345 1 4 1
2059676189 345 1 4 0
2060328280 120 0 1 1
2060340448 10 0 1 1
2060355803 120 0 1 0
2060540636 120 0 1 1
2060581928 120 0 1 0
2060683346 120 0 1 1
2060705208 120 0 1 0
2060813661 120 0 1 1
2060843563 120 0 1 0
2061486787 10 0 1 0
2062807604 10 0 1 1
2062920199 10 0 1 0
2062950262 10 0 1 1
2062979494 10 0 1 0
2063059402 10 0 1 1
2063095739 10 0 1 0
2063143892 10 0 1 1
2063180829 10 0 1 0
2063228982 10 0 1 1
2063268264 10 0 1 0
2063316752 10 0 1 1
2063357709 10 0 1 0
2063396482 10 0 1 1
2063446082 10 0 1 0
2063484185 10 0 1 1
2063530846 10 0 1 0
2063546093 348 1 4 1
2063559498 45 0 1 1
2063568949 10 0 1 1
2063580423 348 1 4 0
2063618290 10 0 1 0
2063630052 348 1 4 1
2063654048 10 0 1 1
2063663233 348 1 4 0
2063682395 45 0 1 0
2063704508 10 0 1 0
2063707768 45 0 1 1
2063715720 348 1 4 1
2063719989 351 1 4 1
2063740266 10 0 1 1
2063747648 348 1 4 0
2063752799 351 1 4 0
2063777804 351 1 4 1
2063790538 10 0 1 0
2063798668 45 0 1 0
2063806326 348 1 4 1
2063826296 10 0 1 1
2063829066 45 0 1 1
2063834340 348 1 4 0
2063877799 10 0 1 0
2063907910 45 0 1 0
2063911565 348 1 4 1
2063914227 10 0 1 1
2063939044 348 1 4 0
2063942328 45 0 1 1
2063965293 10 0 1 0
2063985122 45 0 1 0
2064005233 348 1 4 1
2064013175 45 0 1 1
2064020266 10 0 1 1
2064028517 351 1 4 0
2064038361 348 1 4 0
2064045591 349 1 4 1
2064057564 351 1 4 1
2064057598 45 0 1 0
2064067420 10 0 1 0
2064084646 45 0 1 1
2064103323 349 1 4 0
2064103849 348 1 4 1
2064106193 10 0 1 1
2064122723 45 0 1 0
2064131975 349 1 4 1
2064138226 348 1 4 0
2064145077 349 1 1 1
2064147468 10 0 1 0
2064150778 351 1 4 0
2064151446 45 0 1 1
2064176081 351 1 4 1
2064186490 349 1 1 0
2064187408 349 1 4 0
2064188282 348 1 4 1
2064188293 348 1 4 0
2064188614 348 1 4 1
2064190440 45 0 1 0
2064197296 10 0 1 1
2064212668 349 1 1 1
2064216989 349 1 4 1
2064218493 45 0 1 1
2064228329 348 1 4 0
2064237421 10 0 1 0
2064254068 351 1 4 0
2064267062 45 0 1 0
2064267138 349 1 4 0
2064271504 10 0 1 1
2064277737 348 1 4 1
2064279319 351 1 4 1
2064292561 349 1 4 1
2064294110 45 0 1 1
2064298096 349 1 1 0
2064315645 348 1 4 0
2064324294 349 1 1 1
2064333803 349 1 4 0
2064343777 45 0 1 0
2064347397 351 1 4 0
2064363757 349 1 4 1
2064364140 348 1 4 1
2064369729 351 1 4 1
2064372500 45 0 1 1
2064405497 348 1 4 0
2064406099 349 1 4 0
2064409494 349 1 1 0
2064427192 45 0 1 0
2064434980 349 1 1 1
2064439975 351 1 4 0
2064453235 45 0 1 1
2064458803 348 1 4 1
2064472235 351 1 4 1
2064494998 348 1 4 0
2064500672 349 1 1 0
2064507257 45 0 1 0
2064523223 351 1 4 0
2064523941 129 0 1 1
2064530412 349 1 1 1
2064537990 45 0 1 1
2064554065 348 1 4 1
2064562862 351 1 4 1
2064584345 45 0 1 0
2064586436 348 1 4 0
2064587594 349 1 1 0
2064598987 351 1 4 0
2064613738 45 0 1 1
2064618872 349 1 1 1
2064631853 351 1 4 1
2064640670 348 1 4 1
2064659050 45 0 1 0
2064663233 344 1 4 1
2064670600 348 1 4 0
2064675029 349 1 1 0
2064691458 45 0 1 1
2064694495 344 1 4 0
2064700118 351 1 4 0
2064702984 349 1 1 1
2064718699 45 0 1 0
2064724609 348 1 4 1
2064726828 351 1 4 1
2064751442 45 0 1 1
2064760119 349 1 1 0
2064760754 348 1 4 0
2064770481 45 0 1 0
2064771874 351 1 4 0
2064773220 344 1 4 1
2064792931 349 1 1 1
2064799806 351 1 4 1
2064800110 344 1 4 0
2064808817 348 1 4 1
2064816798 351 1 4 0
2064837414 349 1 1 0
2064840709 348 1 4 0
2064872882 344 1 4 1
2064877306 349 1 1 1
2064900855 344 1 4 0
2064910117 348 1 4 1
2064922116 349 1 1 0
2064935917 348 1 4 0
2064953805 349 1 1 1
2064956364 344 1 4 1
2064956465 344 1 4 0
2064956613 344 1 4 1
2064988855 344 1 4 0
2065011520 349 1 1 0
2065033974 344 1 4 1
2065043009 349 1 1 1
2065064670 344 1 4 0
2065100209 349 1 1 0
2065102829 348 1 4 1
2065135498 344 1 4 1
2065135971 349 1 1 1
2065136374 348 1 4 0
2065163901 344 1 4 0
2065194050 349 1 1 0
2065206750 348 1 4 1
2065226167 344 1 4 1
2065226783 349 1 1 1
2065234279 348 1 4 0
2065252201 344 1 4 0
2065282704 349 1 1 0
2065323318 348 1 4 1
2065326620 349 1 1 1
2065347576 344 1 4 1
2065347579 344 1 4 0
2065347842 344 1 4 1
2065351653 348 1 4 0
2065373117 344 1 4 0
2065387909 349 1 1 0
2065423227 349 1 1 1
2065438851 348 1 4 1
2065449375 344 1 4 1
2065467374 348 1 4 0
2065472251 344 1 4 0
2065473123 349 1 1 0
2065507092 349 1 1 1
2065543568 348 1 4 1
2065571685 348 1 4 0
2065573834 349 1 1 0
2065610932 349 1 1 1
2065683714 349 1 1 0
2065710933 349 1 1 1
2065786923 349 1 1 0
2065815673 349 1 1 1
2065892378 349 1 1 0
2065913534 129 0 1 0
2065916410 349 1 1 1
2065975885 349 1 1 0
2066003075 349 1 1 1
2066087242 349 1 1 0
2066123568 349 1 1 1
2066184954 349 1 1 0
2066216995 349 1 1 1
2066304469 349 1 1 0
2066332850 349 1 1 1
2066428802 349 1 1 0
2066439718 171 0 1 1
2066454718 349 1 1 1
2066510513 349 1 1 0
2066516102 171 0 1 0
2066539235 349 1 1 1
2066543629 348 1 1 1
2066543995 348 1 1 0
2066544129 348 1 1 1
2066571445 348 1 1 0
2066610248 348 1 1 1
2066635493 349 1 1 0
2066641795 348 1 1 0
2066649680 171 0 1 1
2066652192 10 0 1 0
2066668056 349 1 1 1
2066673491 348 1 1 1
2066673552 171 0 1 0
2066722195 348 1 1 0
2066736649 349 1 1 0
2066758239 348 1 1 1
2066760287 349 1 1 1
2066797813 348 1 1 0
2066844337 348 1 1 1
2066870196 349 1 1 0
2066874141 348 1 1 0
2066901904 349 1 1 1
2066927836 348 1 1 1
2066961385 348 1 1 0
2066974904 349 1 1 0
2067000848 349 1 1 1
2067027644 348 1 1 1
2067027715 348 1 1 0
2067027897 348 1 1 1
2067065828 348 1 1 0
2067076309 349 1 1 0
2067102610 349 1 1 1
2067115982 171 0 1 1
2067124032 348 1 1 1
2067142487 129 0 1 1
2067148669 348 1 1 0
2067153683 171 0 1 0
2067167465 349 1 1 0
2067195944 349 1 1 1
2067208119 171 0 1 1
2067232561 349 1 1 0
2067248747 171 0 1 0
2067272069 349 1 1 1
2067292909 348 1 1 1
2067303935 171 0 1 1
2067313316 349 1 1 0
2067318820 348 1 1 0
2067344892 171 0 1 0
2067359243 349 1 1 1
2067395484 348 1 1 1
2067400080 171 0 1 1
2067414916 349 1 1 0
2067432334 348 1 1 0
2067448742 171 0 1 0
2067454621 349 1 1 1
2067462177 348 1 1 1
2067497900 171 0 1 1
2067499072 348 1 1 0
2067516262 349 1 1 0
2067523447 171 0 1 0
2067543093 349 1 1 1
2067545375 348 1 1 1
2067584392 348 1 1 0
2067639255 348 1 1 1
2067667617 349 1 1 0
2067675477 348 1 1 0
2067697032 349 1 1 1
2067708662 348 1 1 1
2067791902 349 1 1 0
2067809814 348 1 1 0
2067822241 349 1 1 1
2067841228 348 1 1 1
2067907142 348 1 1 0
2067916542 349 1 1 0
2067945488 348 1 1 1
2067946274 349 1 1 1
2067987542 348 1 1 0
2068019367 348 1 1 1
2068044154 349 1 1 0
2068059902 348 1 1 0
2068076573 349 1 1 1
2068083157 348 1 1 1
2068135277 348 1 1 0
2068148395 349 1 1 0
2068176348 348 1 1 1
2068178949 349 1 1 1
2068225780 349 1 1 0
2068228983 348 1 1 0
2068252955 348 1 1 1
2068273540 349 1 1 1
2068316587 349 1 1 0
2068334267 348 1 1 0
2068356850 348 1 1 1
2068369069 349 1 1 1
2068400211 349 1 1 0
2068415337 348 1 1 0
2068434197 349 1 1 1
2068442245 348 1 1 1
2068471155 10 0 1 1
2068471677 349 1 1 0
2068508467 348 1 1 0
2068523537 349 1 1 1
2068541627 348 1 1 1
2068568870 349 1 1 0
2068621937 349 1 1 1
2068632387 348 1 1 0
2068655197 349 1 1 0
2068666386 348 1 1 1
2068688834 349 1 1 1
2068722136 349 1 1 0
2068747942 348 1 1 0
2068762742 129 0 1 0
2068769355 349 1 1 1
2068773846 348 1 1 1
2068803973 349 1 1 0
2068860762 349 1 1 1
2068860983 349 1 1 0
2068861235 349 1 1 1
2068861321 349 1 1 0
2068861426 349 1 1 1
2068862488 348 1 1 0
2068894232 348 1 1 1
2068894297 349 1 1 0
2068943987 349 1 1 1
2068960929 21 0 1 1
2068971437 348 1 1 0
2068985113 110 0 1 1
2068994214 349 1 1 0
2069006217 348 1 1 1
2069030113 110 0 1 0
2069037962 21 0 1 0
2069065010 21 0 1 1
2069065489 349 1 1 1
2069065620 349 1 1 0
2069065807 349 1 1 1
2069073754 110 0 1 1
2069107112 348 1 1 0
2069111319 349 1 1 0
2069115663 110 0 1 0
2069141383 348 1 1 1
2069153537 21 0 1 0
2069156586 110 0 1 1
2069158959 349 1 1 1
2069198830 110 0 1 0
2069207135 349 1 1 0
2069239045 110 0 1 1
2069239271 348 1 1 0
2069260637 349 1 1 1
2069263401 348 1 1 1
2069279576 110 0 1 0
2069316010 349 1 1 0
2069342471 110 0 1 1
2069350946 348 1 1 0
2069365728 349 1 1 1
2069370284 110 0 1 0
2069386438 348 1 1 1
2069410667 349 1 1 0
2069452644 349 1 1 1
2069470921 348 1 1 0
2069514568 348 1 1 1
2069518038 349 1 1 0
2069549081 349 1 1 1
2069558692 348 1 1 0
2069593638 348 1 1 1
2069632956 349 1 1 0
2069635072 348 1 1 0
2069667899 348 1 1 1
2069671698 349 1 1 1
2069708822 348 1 1 0
2069733811 355 1 3 1
2069745224 348 1 1 1
2069752746 349 1 1 0
2069778682 355 1 3 0
2069784347 349 1 1 1
2069787162 348 1 1 0
2069799554 10 0 1 0
2069816403 347 1 4 1
2069816480 347 1 4 0
2069816710 347 1 4 1
2069817678 355 1 3 1
2069831586 348 1 1 1
2069846295 347 1 4 0
2069854162 349 1 1 0
2069858966 355 1 3 0
2069889066 348 1 1 0
2069890312 349 1 1 1
2069893769 347 1 4 1
2069893943 347 1 4 0
2069894109 347 1 4 1
2069911478 355 1 3 1
2069926140 348 1 1 1
2069926195 348 1 1 0
2069926476 348 1 1 1
2069932031 347 1 4 0
2069952857 355 1 3 0
2069957007 348 1 1 0
2069957204 349 1 1 0
2069963104 110 0 1 1
2069974589 347 1 4 1
2069985086 349 1 1 1
2069988156 110 0 1 0
2069994331 348 1 1 1
2070000835 355 1 3 1
2070007430 347 1 4 0
2070036941 349 1 1 0
2070039569 355 1 3 0
2070052801 110 0 1 1
2070056473 348 1 1 0
2070057297 347 1 4 1
2070079881 349 1 1 1
2070084906 355 1 3 1
2070090680 347 1 4 0
2070094859 110 0 1 0
2070103008 348 1 1 1
2070103067 348 1 1 0
2070103273 348 1 1 1
2070126966 355 1 3 0
2070136609 348 1 1 0
2070148895 349 1 1 0
2070151012 347 1 4 1
2070161248 355 1 3 1
2070162957 110 0 1 1
2070178293 349 1 1 1
2070180689 347 1 4 0
2070182307 348 1 1 1
2070201282 355 1 3 0
2070202504 349 1 1 0
2070205651 110 0 1 0
2070237995 355 1 3 1
2070240417 348 1 1 0
2070247635 347 1 4 1
2070249942 349 1 1 1
2070273826 355 1 3 0
2070274998 110 0 1 1
2070278108 348 1 1 1
2070278110 347 1 4 0
2070302991 349 1 1 0
2070303881 110 0 1 0
2070314512 355 1 3 1
2070315476 348 1 1 0
2070316362 347 1 4 1
2070344198 349 1 1 1
2070344367 349 1 1 0
2070344457 349 1 1 1
2070344900 348 1 1 1
2070366277 110 0 1 1
2070367827 355 1 3 0
2070370905 347 1 4 0
2070372826 349 1 1 0
2070398142 110 0 1 0
2070402952 355 1 3 1
2070404151 348 1 1 0
2070404402 347 1 4 1
2070404405 347 1 4 0
2070404854 347 1 4 1
2070405108 349 1 1 1
2070444020 349 1 1 0
2070448281 342 1 2 1
2070454547 355 1 3 0
2070454697 110 0 1 1
2070456066 348 1 1 1
2070458223 347 1 4 0
2070485273 110 0 1 0
2070485362 355 1 3 1
2070490471 347 1 4 1
2070491751 342 1 2 0
2070504255 349 1 1 1
2070504341 349 1 1 0
2070504597 349 1 1 1
2070504683 349 1 1 0
2070504852 349 1 1 1
2070504986 348 1 1 0
2070526255 355 1 3 0
2070527661 349 1 1 0
2070532320 348 1 1 1
2070532602 342 1 2 1
2070538977 347 1 4 0
2070564217 355 1 3 1
2070566514 342 1 2 0
2070568739 349 1 1 1
2070575957 347 1 4 1
2070576651 110 0 1 1
2070582105 348 1 1 0
2070595063 349 1 1 0
2070599724 355 1 3 0
2070603977 110 0 1 0
2070610776 347 1 4 0
2070614734 348 1 1 1
2070619356 342 1 2 1
2070637165 355 1 3 1
2070648258 349 1 1 1
2070655282 342 1 2 0
2070664314 347 1 4 1
2070675491 355 1 3 0
2070684095 349 1 1 0
2070686221 348 1 1 0
2070689385 129 0 1 1
2070697843 342 1 2 1
2070697936 342 1 2 0
2070698009 342 1 2 1
2070698078 347 1 4 0
2070716847 355 1 3 1
2070724024 348 1 1 1
2070731175 342 1 2 0
2070738948 349 1 1 1
2070746959 347 1 4 1
2070747110 347 1 4 0
2070747291 347 1 4 1
2070753166 355 1 3 0
2070770641 348 1 1 0
2070772208 349 1 1 0
2070774651 342 1 2 1
2070786697 355 1 3 1
2070789393 347 1 4 0
2070808821 342 1 2 0
2070812848 348 1 1 1
2070813014 348 1 1 0
2070813100 348 1 1 1
2070819752 347 1 4 1
2070819878 347 1 4 0
2070820084 347 1 4 1
2070826498 355 1 3 0
2070834853 349 1 1 1
2070850090 342 1 2 1
2070862239 348 1 1 0
2070864563 349 1 1 0
2070866331 355 1 3 1
2070873070 347 1 4 0
2070880788 342 1 2 0
2070904331 347 1 4 1
2070905284 355 1 3 0
2070908548 348 1 1 1
2070913578 349 1 1 1
2070919895 110 0 1 1
2070935097 348 1 1 0
2070935123 355 1 3 1
2070943763 342 1 2 1
2070950070 349 1 1 0
2070950458 345 1 4 1
2070952712 110 0 1 0
2070956150 347 1 4 0
2070970922 355 1 3 0
2070978017 342 1 2 0
2070985425 349 1 1 1
2070992772 345 1 4 0
2071012408 355 1 3 1
2071012452 355 1 3 0
2071012657 355 1 3 1
2071016046 347 1 4 1
2071018566 345 1 4 1
2071033171 342 1 2 1
2071037851 349 1 1 0
2071039971 355 1 3 0
2071042975 348 1 1 1
2071043073 348 1 1 0
2071043355 348 1 1 1
2071043476 348 1 1 0
2071043683 348 1 1 1
2071043762 348 1 1 0
2071043921 348 1 1 1
2071044524 348 1 1 0
2071044653 348 1 1 1
2071045121 348 1 1 0
2071045308 348 1 1 1
2071045486 348 1 1 0
2071045599 348 1 1 1
2071049353 347 1 4 0
2071062783 342 1 2 0
2071069816 348 1 1 0
2071079601 349 1 1 1
2071089145 345 1 4 0
2071099752 355 1 3 1
2071116192 345 1 4 1
2071118823 349 1 1 0
2071121130 110 0 1 1
2071121598 347 1 4 1
2071126658 355 1 3 0
2071153377 110 0 1 0
2071158228 347 1 4 0
2071172763 349 1 1 1
2071197067 345 1 4 0
2071208812 347 1 4 1
2071213312 349 1 1 0
2071218077 355 1 3 1
2071227146 345 1 4 1
2071233891 342 1 2 1
2071245248 355 1 3 0
2071250688 347 1 4 0
2071262646 342 1 2 0
2071272342 349 1 1 1
2071289858 347 1 4 1
2071291820 345 1 4 0
2071309171 349 1 1 0
2071319460 345 1 4 1
2071322250 355 1 3 1
2071332347 347 1 4 0
2071349898 342 1 2 1
2071352140 355 1 3 0
2071361923 349 1 1 1
2071362113 349 1 1 0
2071362258 349 1 1 1
2071371525 347 1 4 1
2071372414 342 1 2 0
2071384428 349 1 1 0
2071390883 345 1 4 0
2071407468 347 1 4 0
2071422144 345 1 4 1
2071436171 347 1 4 1
2071443256 355 1 3 1
2071443466 349 1 1 1
2071443518 349 1 1 0
2071443691 349 1 1 1
2071471364 342 1 2 1
2071471731 355 1 3 0
2071474338 349 1 1 0
2071478706 347 1 4 0
2071487093 345 1 4 0
2071497924 342 1 2 0
2071513516 347 1 4 1
2071513899 345 1 4 1
2071548771 355 1 3 1
2071567613 349 1 1 1
2071568268 347 1 4 0
2071575582 345 1 4 0
2071580279 355 1 3 0
2071586979 342 1 2 1
2071594852 349 1 1 0
2071604581 345 1 4 1
2071605930 347 1 4 1
2071611288 342 1 2 0
2071636024 355 1 3 1
2071653337 129 0 1 0
2071656612 347 1 4 0
2071662753 349 1 1 1
2071666186 355 1 3 0
2071667175 345 1 4 0
2071694758 347 1 4 1
2071698788 349 1 1 0
2071702779 345 1 4 1
2071726037 342 1 2 1
2071726236 342 1 2 0
2071726472 342 1 2 1
2071726571 342 1 2 0
2071726729 342 1 2 1
2071751853 342 1 2 0
2071755868 347 1 4 0
2071757318 349 1 1 1
2071776352 129 0 1 1
2071778748 129 0 1 0
2071785143 345 1 4 0
2071790029 349 1 1 0
2071798977 10 0 1 1
2071801378 347 1 4 1
2071816731 345 1 4 1
2071835225 342 1 2 1
2071841439 349 1 1 1
2071857726 342 1 2 0
2071862239 350 1 2 1
2071872783 347 1 4 0
2071873133 349 1 1 0
2071895600 355 1 3 1
2071896090 350 1 2 0
2071897831 345 1 4 0
2071906816 347 1 4 1
2071914070 349 1 1 1
2071927399 345 1 4 1
2071930970 342 1 2 1
2071931073 342 1 2 0
2071931306 342 1 2 1
2071937381 355 1 3 0
2071945438 350 1 2 1
2071946021 343 1 1 1
2071946163 349 1 1 0
2071956474 342 1 2 0
2071965067 347 1 4 0
2071977558 350 1 2 0
2071995540 355 1 3 1
2072008681 342 1 2 1
2072012557 347 1 4 1
2072012887 345 1 4 0
2072027516 355 1 3 0
2072029769 342 1 2 0
2072034564 350 1 2 1
2072042293 347 1 4 0
2072048273 345 1 4 1
2072065536 350 1 2 0
2072079276 355 1 3 1
2072087854 342 1 2 1
2072096660 347 1 4 1
2072110994 355 1 3 0
2072111128 342 1 2 0
2072120192 347 1 4 0
2072120643 350 1 2 1
2072137268 343 1 1 0
2072137777 345 1 4 0
2072154822 342 1 2 1
2072156066 350 1 2 0
2072159043 343 1 1 1
2072171546 355 1 3 1
2072176950 345 1 4 1
2072188262 342 1 2 0
2072204683 350 1 2 1
2072207391 355 1 3 0
2072229048 342 1 2 1
2072236884 350 1 2 0
2072247813 355 1 3 1
2072250665 345 1 4 0
2072253125 343 1 1 0
2072258276 342 1 2 0
2072281114 343 1 1 1
2072283301 345 1 4 1
2072284164 355 1 3 0
2072292146 350 1 2 1
2072292282 350 1 2 0
2072292478 350 1 2 1
2072301525 342 1 2 1
2072319231 350 1 2 0
2072325232 355 1 3 1
2072328291 342 1 2 0
2072343363 343 1 1 0
2072355862 342 1 2 1
2072356801 355 1 3 0
2072366577 345 1 4 0
2072371715 343 1 1 1
2072371718 343 1 1 0
2072371894 343 1 1 1
2072396631 342 1 2 0
2072407364 345 1 4 1
2072412302 355 1 3 1
2072413925 343 1 1 0
2072432974 342 1 2 1
2072443975 343 1 1 1
2072454621 355 1 3 0
2072469996 342 1 2 0
2072474064 343 1 1 0
2072476093 345 1 4 0
2072505552 355 1 3 1
2072513273 345 1 4 1
2072529288 343 1 1 1
2072536720 355 1 3 0
2072557362 345 1 4 0
2072563115 343 1 1 0
2072589463 355 1 3 1
2072592297 345 1 4 1
2072624801 355 1 3 0
2072624924 343 1 1 1
2072625018 343 1 1 0
2072625545 343 1 1 1
2072643127 345 1 4 0
2072652655 343 1 1 0
2072677061 355 1 3 1
2072677064 355 1 3 0
2072677239 355 1 3 1
2072683490 345 1 4 1
2072713065 355 1 3 0
2072713866 345 1 4 0
2072727946 342 1 2 1
2072753406 342 1 2 0
2072754243 345 1 4 1
2072755618 355 1 3 1
2072794319 342 1 2 1
2072797002 345 1 4 0
2072798749 355 1 3 0
2072823168 342 1 2 0
2072828966 345 1 4 1
2072848159 350 1 2 1
2072851596 355 1 3 1
2072869942 350 1 2 0
2072884022 345 1 4 0
2072889669 355 1 3 0
2072900337 129 0 1 1
2072928689 345 1 4 1
2072928900 355 1 3 1
2072955381 350 1 2 1
2072965854 355 1 3 0
2072970029 345 1 4 0
2072983354 350 1 2 0
2073001394 345 1 4 1
2073015643 355 1 3 1
2073046270 350 1 2 1
2073049303 355 1 3 0
2073070321 345 1 4 0
2073079641 350 1 2 0
2073091791 355 1 3 1
2073112203 345 1 4 1
2073126066 343 1 1 1
2073127693 355 1 3 0
2073133686 350 1 2 1
2073153998 343 1 1 0
2073166641 350 1 2 0
2073181323 355 1 3 1
2073184579 345 1 4 0
2073200648 343 1 1 1
2073213072 350 1 2 1
2073218287 355 1 3 0
2073232307 345 1 4 1
2073232474 345 1 4 0
2073232655 345 1 4 1
2073241350 343 1 1 0
2073252630 350 1 2 0
2073266699 355 1 3 1
2073275028 345 1 4 0
2073279064 343 1 1 1
2073298283 350 1 2 1
2073301106 355 1 3 0
2073310448 345 1 4 1
2073315920 129 0 1 0
2073333818 343 1 1 0
2073336826 350 1 2 0
2073355029 345 1 4 0
2073357399 343 1 1 1
2073360438 355 1 3 1
2073370988 342 1 2 1
2073375578 350 1 2 1
2073400044 129 0 1 1
2073402248 355 1 3 0
2073414297 345 1 4 1
2073414491 345 1 4 0
2073414633 345 1 4 1
2073416395 342 1 2 0
2073418013 350 1 2 0
2073450537 355 1 3 1
2073451213 350 1 2 1
2073451482 343 1 1 0
2073454993 342 1 2 1
2073457975 345 1 4 0
2073476185 343 1 1 1
2073485300 345 1 4 1
2073487996 355 1 3 0
2073492759 342 1 2 0
2073503261 350 1 2 0
2073526088 355 1 3 1
2073526737 345 1 4 0
2073528770 342 1 2 1
2073533927 350 1 2 1
2073562368 355 1 3 0
2073566052 343 1 1 0
2073587209 342 1 2 0
2073589594 343 1 1 1
2073591337 350 1 2 0
2073602623 129 0 1 0
2073602950 355 1 3 1
2073621549 350 1 2 1
2073623942 342 1 2 1
2073631943 129 0 1 1
2073649192 355 1 3 0
2073671299 342 1 2 0
2073679639 350 1 2 0
2073684038 129 0 1 0
2073688710 355 1 3 1
2073715910 350 1 2 1
2073716739 342 1 2 1
2073727570 355 1 3 0
2073754004 350 1 2 0
2073757307 129 0 1 1
2073760897 355 1 3 1
2073771150 342 1 2 0
2073796104 350 1 2 1
2073798202 343 1 1 0
2073806619 129 0 1 0
2073806865 342 1 2 1
2073810482 355 1 3 0
2073820368 343 1 1 1
2073839961 350 1 2 0
2073844232 355 1 3 1
2073855408 342 1 2 0
2073886735 350 1 2 1
2073889472 355 1 3 0
2073889740 342 1 2 1
2073922392 350 1 2 0
2073925258 355 1 3 1
2073940712 342 1 2 0
2073961322 350 1 2 1
2073967374 355 1 3 0
2073987828 342 1 2 1
2074009464 355 1 3 1
2074016729 350 1 2 0
2074030456 342 1 2 0
2074036921 342 1 1 1
2074042591 355 1 3 0
2074054526 350 1 2 1
2074069407 342 1 2 1
2074078406 342 1 1 0
2074086969 355 1 3 1
2074091119 343 1 1 0
2074101272 350 1 2 0
2074104408 342 1 2 0
2074114922 343 1 1 1
2074125917 355 1 3 0
2074126349 342 1 1 1
2074134039 342 1 2 1
2074136909 350 1 2 1
2074149182 10 0 1 0
2074176767 342 1 1 0
2074178799 350 1 2 0
2074179648 355 1 3 1
2074212281 342 1 1 1
2074214439 355 1 3 0
2074232974 350 1 2 1
2074260934 355 1 3 1
2074269605 350 1 2 0
2074278106 342 1 1 0
2074285918 343 1 1 0
2074297525 355 1 3 0
2074309707 342 1 1 1
2074312345 343 1 1 1
2074323320 350 1 2 1
2074334970 342 1 2 0
2074348269 355 1 3 1
2074359206 342 1 2 1
2074360327 343 1 1 0
2074362786 350 1 2 0
2074362979 342 1 1 0
2074384872 355 1 3 0
2074385778 343 1 1 1
2074396059 342 1 1 1
2074416593 350 1 2 1
2074426041 355 1 3 1
2074456586 350 1 2 0
2074457681 342 1 1 0
2074461313 355 1 3 0
2074465628 343 1 1 0
2074481593 340 1 2 1
2074494213 342 1 1 1
2074496135 343 1 1 1
2074504838 350 1 2 1
2074506017 355 1 3 1
2074544339 355 1 3 0
2074550386 350 1 2 0
2074565505 340 1 2 0
2074565778 342 1 1 0
2074587242 355 1 3 1
2074588706 340 1 2 1
2074594467 342 1 1 1
2074614459 350 1 2 1
2074628088 355 1 3 0
2074654985 342 1 2 0
2074670610 342 1 1 0
2074676011 350 1 2 0
2074676464 355 1 3 1
2074678890 343 1 1 0
2074680134 342 1 2 1
2074693845 340 1 2 0
2074699328 342 1 1 1
2074700099 343 1 1 1
2074713323 355 1 3 0
2074718805 340 1 2 1
2074745680 342 1 2 0
2074748371 350 1 2 1
2074757795 355 1 3 1
2074773271 342 1 1 0
2074777423 289 0 1 1
2074777423 342 1 2 1
2074801138 355 1 3 0
2074801972 342 1 1 1
2074812570 340 1 2 0
2074813453 342 1 2 0
2074815036 350 1 2 0
2074839708 340 1 2 1
2074845521 355 1 3 1
2074845961 342 1 2 1
2074845978 342 1 2 0
2074846204 342 1 2 1
2074867196 342 1 1 0
2074876482 342 1 2 0
2074878686 350 1 2 1
2074879667 355 1 3 0
2074900262 342 1 1 1
2074913998 342 1 2 1
2074926396 350 1 2 0
2074927339 355 1 3 1
2074930198 340 1 2 0
2074946088 342 1 1 0
2074947323 342 1 2 0
2074957155 340 1 2 1
2074961659 355 1 3 0
2074971768 10 0 1 1
2074976166 350 1 2 1
2074978717 342 1 2 1
2074989710 342 1 1 1
2075002398 355 1 3 1
2075012367 342 1 2 0
2075024353 342 1 1 0
2075026611 350 1 2 0
2075033335 340 1 2 0
2075034278 343 1 1 0
2075037567 345 1 4 1
2075037623 345 1 4 0
2075038374 355 1 3 0
2075038441 345 1 4 1
2075055846 342 1 2 1
2075057531 343 1 1 1
2075062239 342 1 1 1
2075065025 340 1 2 1
2075072120 345 1 4 0
2075077422 355 1 3 1
2075093624 350 1 2 1
2075097953 342 1 2 0
2075101760 345 1 4 1
2075102491 342 1 1 0
2075113293 355 1 3 0
2075132154 350 1 2 0
2075134407 342 1 1 1
2075137548 342 1 2 1
2075137553 340 1 2 0
2075137567 342 1 2 0
2075138842 342 1 2 1
2075138907 342 1 2 0
2075139099 342 1 2 1
2075139246 342 1 2 0
2075139550 342 1 2 1
2075147235 345 1 4 0
2075154841 355 1 3 1
2075166712 342 1 2 0
2075168298 340 1 2 1
2075171396 342 1 1 0
2075188378 343 1 1 0
2075190768 355 1 3 0
2075210145 343 1 1 1
2075212778 342 1 1 1
2075222497 342 1 2 1
2075230785 350 1 2 1
2075235982 355 1 3 1
2075240810 340 1 2 0
2075248421 342 1 2 0
2075250353 342 1 1 0
2075259728 350 1 2 0
2075261301 343 1 1 0
2075273852 340 1 2 1
2075278261 355 1 3 0
2075284641 343 1 1 1
2075285787 342 1 1 1
2075301545 355 1 3 1
2075320698 350 1 2 1
2075320784 350 1 2 0
2075321033 350 1 2 1
2075342470 342 1 1 0
2075348243 343 1 1 0
2075349073 350 1 2 0
2075361885 355 1 3 0
2075375509 343 1 1 1
2075378117 340 1 2 0
2075378475 342 1 1 1
2075393685 355 1 3 1
2075405613 353 1 3 1
2075405616 353 1 3 0
2075406072 353 1 3 1
2075409423 350 1 2 1
2075409509 350 1 2 0
2075409777 350 1 2 1
2075412381 340 1 2 1
2075431091 342 1 1 0
2075433684 343 1 1 0
2075435711 355 1 3 0
2075435760 353 1 3 0
2075439307 350 1 2 0
2075463611 343 1 1 1
2075464288 342 1 1 1
2075486107 353 1 3 1
2075486473 355 1 3 1
2075504170 350 1 2 1
2075512098 355 1 3 0
2075516064 342 1 1 0
2075519023 343 1 1 0
2075520758 353 1 3 0
2075538719 350 1 2 0
2075553855 342 1 1 1
2075554025 343 1 1 1
2075571055 353 1 3 1
2075571079 353 1 3 0
2075571283 353 1 3 1
2075589131 340 1 2 0
2075594127 289 0 1 0
2075599509 343 1 1 0
2075599847 342 1 1 0
2075601084 350 1 2 1
2075610945 353 1 3 0
2075630509 350 1 2 0
2075639712 342 1 1 1
2075641388 343 1 1 1
2075656613 355 1 3 1
2075657294 340 1 2 1
2075660415 353 1 3 1
2075675830 343 1 1 0
2075683138 355 1 3 0
2075686850 342 1 1 0
2075697047 353 1 3 0
2075700549 350 1 2 1
2075725977 342 1 1 1
2075728894 350 1 2 0
2075730822 343 1 1 1
2075743901 340 1 2 0
2075750763 353 1 3 1
2075766678 343 1 1 0
2075773709 342 1 1 0
2075781001 340 1 2 1
2075791901 353 1 3 0
2075809796 342 1 1 1
2075812551 343 1 1 1
2075814341 350 1 2 1
2075814553 350 1 2 0
2075814676 350 1 2 1
2075828207 355 1 3 1
2075831935 353 1 3 1
2075835467 350 1 2 0
2075845159 355 1 3 0
2075845289 355 1 3 1
2075845511 355 1 3 0
2075845625 355 1 3 1
2075845708 355 1 3 0
2075845969 355 1 3 1
2075846164 355 1 3 0
2075848347 340 1 2 0
2075849088 343 1 1 0
2075856096 342 1 1 0
2075863869 353 1 3 0
2075892833 340 1 2 1
2075895515 343 1 1 1
2075895742 342 1 1 1
2075920040 353 1 3 1
2075920185 353 1 3 0
2075920375 353 1 3 1
2075920484 353 1 3 0
2075920782 353 1 3 1
2075933839 343 1 1 0
2075934538 342 1 1 0
2075938792 340 1 2 0
2075947175 353 1 3 0
2075976276 340 1 2 1
2075978763 342 1 1 1
2075987955 343 1 1 1
2076005856 353 1 3 1
2076005909 353 1 3 0
2076006109 353 1 3 1
2076020939 342 1 1 0
2076025317 343 1 1 0
2076029645 340 1 2 0
2076037216 353 1 3 0
2076068044 342 1 1 1
2076076483 343 1 1 1
2076076542 343 1 1 0
2076076748 343 1 1 1
2076085896 340 1 2 1
2076103848 342 1 1 0
2076110107 343 1 1 0
2076117236 340 1 2 0
2076117404 353 1 3 1
2076117564 353 1 3 0
2076117758 353 1 3 1
2076117771 353 1 3 0
2076117945 353 1 3 1
2076141078 353 1 3 0
2076148680 342 1 1 1
2076186867 340 1 2 1
2076192182 342 1 1 0
2076220679 340 1 2 0
2076235189 353 1 3 1
2076237805 342 1 1 1
2076257635 343 1 1 1
2076257733 343 1 1 0
2076257904 343 1 1 1
2076264669 353 1 3 0
2076268183 342 1 1 0
2076283172 340 1 2 1
2076287949 343 1 1 0
2076303388 340 1 2 0
2076321386 355 1 3 1
2076326025 353 1 3 1
2076326902 343 1 1 1
2076344425 355 1 3 0
2076355341 353 1 3 0
2076355443 342 1 1 1
2076355487 342 1 1 0
2076355700 342 1 1 1
2076379939 342 1 1 0
2076400754 343 1 1 0
2076434106 343 1 1 1
2076448162 353 1 3 1
2076448271 353 1 3 0
2076448471 353 1 3 1
2076478704 353 1 3 0
2076481724 342 1 1 1
2076505947 342 1 1 0
2076517502 343 1 1 0
2076537809 353 1 3 1
2076543994 343 1 1 1
2076571180 353 1 3 0
2076627400 353 1 3 1
2076661161 353 1 3 0
2076674549 343 1 1 0
2076694879 353 1 3 1
2076700697 343 1 1 1
2076754170 353 1 3 0
2076768999 343 1 1 0
2076786318 353 1 3 1
2076802615 343 1 1 1
2076840669 343 1 1 0
2076846459 353 1 3 0
2076876264 343 1 1 1
2076879097 353 1 3 1
2076893710 342 1 1 1
2076893876 342 1 1 0
2076894299 342 1 1 1
2076894770 342 1 1 0
2076895311 342 1 1 1
2076895839 342 1 1 0
2076896331 342 1 1 1
2076896445 342 1 1 0
2076896750 342 1 1 1
2076897179 342 1 1 0
2076897612 342 1 1 1
2076897849 342 1 1 0
2076898043 342 1 1 1
2076898120 342 1 1 0
2076898371 342 1 1 1
2076898443 342 1 1 0
2076899308 342 1 1 1
2076899524 342 1 1 0
2076899727 342 1 1 1
2076899859 342 1 1 0
2076900067 342 1 1 1
2076900150 342 1 1 0
2076900743 342 1 1 1
2076900864 342 1 1 0
2076901079 342 1 1 1
2076901199 342 1 1 0
2076902440 342 1 1 1
2076902539 342 1 1 0
2076903115 342 1 1 1
2076903209 342 1 1 0
2076904131 342 1 1 1
2076904161 342 1 1 0
2076904471 342 1 1 1
2076904496 342 1 1 0
2076943587 343 1 1 0
2076944619 353 1 3 0
2076978887 353 1 3 1
2076990872 342 1 1 1
2077000120 343 1 1 1
2077026191 342 1 1 0
2077038255 355 1 3 1
2077051201 353 1 3 0
2077070194 355 1 3 0
2077086006 342 1 1 1
2077086063 342 1 1 0
2077086344 342 1 1 1
2077093646 353 1 3 1
2077106342 355 1 3 1
2077119014 342 1 1 0
2077137794 355 1 3 0
2077144048 353 1 3 0
2077164658 342 1 1 1
2077179476 355 1 3 1
2077183828 353 1 3 1
2077196143 343 1 1 0
2077209696 342 1 1 0
2077212512 355 1 3 0
2077229410 343 1 1 1
2077230813 353 1 3 0
2077248408 342 1 1 1
2077257638 352 1 3 1
2077273017 353 1 3 1
2077273355 355 1 3 1
2077283426 342 1 1 0
2077299507 353 1 3 0
2077302493 352 1 3 0
2077304951 355 1 3 0
2077339097 342 1 1 1
2077340271 352 1 3 1
2077347096 353 1 3 1
2077364213 355 1 3 1
2077373820 342 1 1 0
2077379335 353 1 3 0
2077387631 355 1 3 0
2077400453 352 1 3 0
2077416977 342 1 1 1
2077429407 352 1 3 1
2077430849 343 1 1 0
2077438211 353 1 3 1
2077441210 355 1 3 1
2077441231 355 1 3 0
2077441764 355 1 3 1
2077448882 342 1 1 0
2077464035 343 1 1 1
2077466710 353 1 3 0
2077477141 355 1 3 0
2077480565 352 1 3 0
2077488043 342 1 1 1
2077514456 352 1 3 1
2077522992 355 1 3 1
2077523156 342 1 1 0
2077529352 353 1 3 1
2077531064 343 1 1 0
2077554144 355 1 3 0
2077555610 353 1 3 0
2077559763 343 1 1 1
2077573983 352 1 3 0
2077578645 342 1 1 1
2077603353 343 1 1 0
2077606202 352 1 3 1
2077606428 342 1 1 0
2077607671 355 1 3 1
2077636091 353 1 3 1
2077649794 352 1 3 0
2077650129 355 1 3 0
2077658624 343 1 1 1
2077661724 353 1 3 0
2077662018 342 1 1 1
2077685426 343 1 1 0
2077694261 352 1 3 1
2077694267 342 1 1 0
2077698091 355 1 3 1
2077716529 353 1 3 1
2077716677 353 1 3 0
2077716960 353 1 3 1
2077717790 353 1 3 0
2077717889 353 1 3 1
2077741543 353 1 3 0
2077744925 355 1 3 0
2077745517 352 1 3 0
2077762245 342 1 1 1
2077762336 342 1 1 0
2077762593 342 1 1 1
2077762986 342 1 1 0
2077763277 342 1 1 1
2077783492 355 1 3 1
2077788004 352 1 3 1
2077791912 343 1 1 1
2077797072 10 0 1 0
2077799440 343 1 1 0
2077806317 342 1 1 0
2077836554 352 1 3 0
2077839682 355 1 3 0
2077851794 342 1 1 1
2077865794 353 1 3 1
2077865801 353 1 3 0
2077865984 353 1 3 1
2077871148 352 1 3 1
2077877119 355 1 3 1
2077882447 342 1 1 0
2077899256 353 1 3 0
2077911063 352 1 3 0
2077919400 355 1 3 0
2077952874 352 1 3 1
2077953095 342 1 1 1
2077964111 353 1 3 1
2077966143 355 1 3 1
2077992077 353 1 3 0
2077993305 342 1 1 0
2077995125 352 1 3 0
2078011477 355 1 3 0
2078041996 352 1 3 1
2078049033 353 1 3 1
2078054208 355 1 3 1
2078065153 342 1 1 1
2078074913 353 1 3 0
2078083880 352 1 3 0
2078096771 355 1 3 0
2078098090 342 1 1 0
2078126977 352 1 3 1
2078130806 353 1 3 1
2078137513 342 1 1 1
2078140044 355 1 3 1
2078160360 353 1 3 0
2078166048 352 1 3 0
2078181351 342 1 1 0
2078182543 355 1 3 0
2078213197 353 1 3 1
2078217596 352 1 3 1
2078221373 355 1 3 1
2078244174 353 1 3 0
2078247873 342 1 1 1
2078252346 355 1 3 0
2078254488 352 1 3 0
2078279770 342 1 1 0
2078294381 353 1 3 1
2078295840 355 1 3 1
2078311186 352 1 3 1
2078331284 355 1 3 0
2078331606 353 1 3 0
2078333549 342 1 1 1
2078348483 352 1 3 0
2078359500 342 1 1 0
2078377237 355 1 3 1
2078390038 352 1 3 1
2078406218 353 1 3 1
2078421914 355 1 3 0
2078421961 352 1 3 0
2078430376 353 1 3 0
2078437426 342 1 1 1
2078437626 342 1 1 0
2078437801 342 1 1 1
2078463313 342 1 1 0
2078466559 355 1 3 1
2078472211 352 1 3 1
2078506258 355 1 3 0
2078512876 352 1 3 0
2078544825 352 1 3 1
2078548666 355 1 3 1
2078550688 353 1 3 1
2078551172 353 1 3 0
2078551277 353 1 3 1
2078576147 353 1 3 0
2078582317 355 1 3 0
2078592378 352 1 3 0
2078632578 352 1 3 1
2078648102 353 1 3 1
2078660630 355 1 3 1
2078675448 353 1 3 0
2078684188 352 1 3 0
2078690327 355 1 3 0
2078725532 352 1 3 1
2078738428 353 1 3 1
2078780065 352 1 3 0
2078780638 353 1 3 0
2078812845 352 1 3 1
2078813603 353 1 3 1
2078826348 355 1 3 1
2078854811 353 1 3 0
2078855168 355 1 3 0
2078856910 352 1 3 0
2078895317 352 1 3 1
2078896101 353 1 3 1
2078903529 355 1 3 1
2078938027 355 1 3 0
2078938946 353 1 3 0
2078939518 352 1 3 0
2078956850 10 0 1 1
2078978958 353 1 3 1
2078979319 352 1 3 1
2078992542 355 1 3 1
2079019267 355 1 3 0
2079022508 353 1 3 0
2079023159 352 1 3 0
2079063397 352 1 3 1
2079068510 353 1 3 1
2079096791 353 1 3 0
2079105656 352 1 3 0
2079137338 352 1 3 1
2079167108 353 1 3 1
2079191893 353 1 3 0
2079198877 352 1 3 0
2079219612 351 1 4 1
2079232328 352 1 3 1
2079248034 351 1 4 0
2079285884 351 1 4 1
2079287946 355 1 3 1
2079287970 355 1 3 0
2079288859 355 1 3 1
2079289347 355 1 3 0
2079289606 355 1 3 1
2079289737 355 1 3 0
2079289859 355 1 3 1
2079311007 355 1 3 0
2079311313 352 1 3 0
2079312057 351 1 4 0
2079345791 352 1 3 1
2079354524 353 1 3 1
2079378479 353 1 3 0
2079401309 351 1 4 1
2079410330 352 1 3 0
2079420180 351 1 4 0
2079443736 352 1 3 1
2079507266 352 1 3 0
2079537304 352 1 3 1
2079541911 353 1 3 1
2079544021 353 1 3 0
2079544132 353 1 3 1
2079546975 353 1 3 0
2079547069 353 1 3 1
2079548367 353 1 3 0
2079549940 353 1 3 1
2079550042 353 1 3 0
2079550952 353 1 3 1
2079551455 353 1 3 0
2079551632 353 1 3 1
2079564618 353 1 3 0
2079588702 352 1 3 0
2079621919 352 1 3 1
2079660550 353 1 3 1
2079677446 352 1 3 0
2079682995 353 1 3 0
2079715636 352 1 3 1
2079721610 355 1 3 1
2079743905 355 1 3 0
2079765472 352 1 3 0
2079800537 352 1 3 1
2079821685 353 1 3 1
2079847203 353 1 3 0
2079849748 352 1 3 0
2079886334 352 1 3 1
2079912698 355 1 3 1
2079945626 355 1 3 0
2079947121 352 1 3 0
2079973873 353 1 3 1
2079988340 352 1 3 1
2080007090 353 1 3 0
2080041572 352 1 3 0
2080048951 355 1 3 1
2080080763 355 1 3 0
2080084530 352 1 3 1
2080098641 353 1 3 1
2080098825 353 1 3 0
2080098959 353 1 3 1
2080129038 352 1 3 0
2080130089 353 1 3 0
2080161288 355 1 3 1
2080167871 352 1 3 1
2080193496 355 1 3 0
2080204908 353 1 3 1
2080215961 352 1 3 0
2080229158 353 1 3 0
2080248398 352 1 3 1
2080250455 355 1 3 1
2080276710 353 1 3 1
2080296509 355 1 3 0
2080298337 352 1 3 0
2080299490 353 1 3 0
2080338557 352 1 3 1
2080338643 352 1 3 0
2080338812 352 1 3 1
2080372974 355 1 3 1
2080394302 352 1 3 0
2080398766 355 1 3 0
2080435538 352 1 3 1
2080435790 352 1 3 0
2080435876 352 1 3 1
2080479593 352 1 3 0
2080515041 352 1 3 1
2080515044 352 1 3 0
2080515213 352 1 3 1
2080567174 352 1 3 0
2080608511 352 1 3 1
2080663713 352 1 3 0
2080714935 352 1 3 1
2080772424 352 1 3 0
2080850866 352 1 3 1
2080890381 352 1 3 0
2080967198 352 1 3 1
2081002925 352 1 3 0
2081063216 352 1 3 1
2081119467 352 1 3 0
2081163996 352 1 3 1
2081197772 352 1 3 0
2082027387 10 0 1 0
2083344988 10 0 1 1
2084075061 133 0 1 1
2084107442 133 0 1 0
2084138054 133 0 1 1
2084199902 133 0 1 0
2084231963 133 0 1 1
2084298161 133 0 1 0
2084328496 133 0 1 1
2084407893 133 0 1 0
2084434094 133 0 1 1
2084512792 133 0 1 0
2084543121 133 0 1 1
2084551163 133 0 1 0
2085233737 10 0 1 0
2086793567 343 1 4 1
2086817442 343 1 4 0
2086892668 343 1 4 1
2086892817 343 1 4 0
2086893062 343 1 4 1
2086917565 343 1 4 0
2087000430 343 1 4 1
2087033524 343 1 4 0
2087104027 343 1 4 1
2087133337 343 1 4 0
2087189787 343 1 4 1
2087232107 343 1 4 0
2087276638 343 1 4 1
2087320267 343 1 4 0
2087360822 343 1 4 1
2087409412 343 1 4 0
2087450568 343 1 4 1
2087491469 343 1 4 0
2087532444 343 1 4 1
2087578904 343 1 4 0
2087748283 355 1 3 1
2087790529 355 1 3 0
2087827736 355 1 3 1
2087871694 355 1 3 0
2087911169 355 1 3 1
2087950332 355 1 3 0
2088001283 355 1 3 1
2088035289 355 1 3 0
2088092625 355 1 3 1
2088092794 355 1 3 0
2088092963 355 1 3 1
2088121046 355 1 3 0
2088222862 355 1 3 1
2088248514 355 1 3 0
2088339299 355 1 3 1
2088339405 355 1 3 0
2088339828 355 1 3 1
2088368223 355 1 3 0
2088427973 355 1 3 1
2088470797 355 1 3 0
2088504380 355 1 3 1
2088553626 355 1 3 0
2088610164 355 1 3 1
2088610310 355 1 3 0
2088610492 355 1 3 1
2088641800 355 1 3 0
2088688985 355 1 3 1
2088689079 355 1 3 0
2088689304 355 1 3 1
2088732027 355 1 3 0
2088768696 355 1 3 1
2088815444 355 1 3 0
2088851622 355 1 3 1
2088880068 355 1 3 0
2088926924 355 1 3 1
2088952680 355 1 3 0
2088998575 355 1 3 1
2089019345 355 1 3 0
